Rotation 0 deg zeroZ 0
1  12.773   37.314  -4.248
2  0.000    89.989  -2.794
3  0.032    44.802  -3.920
4  -23.784  90.382  -3.407
5  -11.844  82.861  -3.253
6  -24.919  75.350  -3.418
8  -24.796  60.379  -3.418
9  26.036   89.880  -3.059
10  13.243  82.353  -3.113
12  -11.876 52.842  -3.341
13  -0.036  14.690  -4.485
14  -24.860 45.389  -3.420
15  26.535  29.956  -4.394
16  -11.888 37.852  -3.256
17  -24.770 30.651  -3.431
20  13.048  7.417   -4.763
21  12.897  22.375  -4.521
22  -11.978 22.900  -3.314
23  12.881  -7.582  -5.252
24  -25.508 15.360  -3.421
25  0.063   74.822  -3.251
26  26.101  74.916  -3.344
27  13.061  67.267  -3.574
28  -26.289 -30.061 -5.073
30  26.108  44.898  -4.062
31  0.046   59.726  -3.647
32  26.812  14.989  -4.713
34  27.295  -11.581 -5.256
35  -15.321 -8.819  -4.861
37  -0.491  2.139   -1.088
38  26.891  3.278   -4.925
39  12.430  -18.115 -5.334
40  -26.101 -15.186 -4.909
42  13.066  52.466  -3.857
43  1.168   30.256  -2.123
45  25.969  59.763  -3.768
46  -11.859 67.831  -3.318
47  -0.062  -15.233 -5.204
50  -13.002 -22.671 -5.028
