Rotation -30 deg zeroZ 4400
2 -413.987 25.722 4402.462
3 -399.197 2.592 4403.078
4 -412.917 11.917 4403.426
9 -425.687 49.643 4401.253
10 -373.637 -26.648 4403.554
11 -423.397 4.257 4405.610
12 -425.807 34.343 4403.648
13 -360.337 -2.726 4400.206
14 -451.587 32.764 4405.023
15 -361.927 11.769 4396.315
17 -359.827 -33.533 4403.447
18 -374.717 18.941 4397.601
19 -334.667 -4.285 4396.184
20 -386.217 -3.497 4402.952
21 -372.497 -9.690 4404.369
22 -388.087 -18.076 4405.417
25 -413.067 41.682 4400.792
29 -374.067 4.148 4399.801
31 -400.407 18.622 4401.834
32 -400.017 34.301 4399.497
36 -413.207 -5.285 4403.908
37 -451.667 18.275 4402.043
39 -346.217 -10.356 4398.198
40 -441.147 7.950 4403.051
41 -398.947 -11.028 4404.772
42 -358.937 -19.910 4404.592
43 -439.367 41.375 4404.378
45 -440.307 26.796 4406.825
46 -465.727 26.255 4401.127
47 -387.797 11.909 4400.151
48 -351.027 5.563 4396.201
49 -426.817 19.589 4405.930
50 -386.867 26.838 4398.572
