Rotation -30 deg zeroZ 4400
2 -413.987 25.722 4402.462
3 -399.197 2.592 4403.078
4 -412.917 11.917 4403.426
9 -425.687 49.643 4401.253
10 -373.637 -26.648 4403.554
11 -423.397 4.257 4405.610
12 -425.807 34.343 4403.648
13 -360.337 -2.726 4400.206
14 -451.587 32.764 4405.023
15 -361.927 11.769 4396.315
17 -359.827 -33.533 4403.447
18 -374.717 18.941 4397.601
19 -334.667 -4.285 4396.184
20 -386.217 -3.497 4402.952
21 -372.497 -9.690 4404.369
22 -388.087 -18.076 4405.417
25 -413.067 41.682 4400.792
29 -374.067 4.148 4399.801
31 -400.407 18.622 4401.834
32 -400.017 34.301 4399.497
36 -413.207 -5.285 4403.908
37 -451.667 18.275 4402.043
39 -346.217 -10.356 4398.198
40 -441.147 7.950 4403.051
41 -398.947 -11.028 4404.772
42 -358.937 -19.910 4404.592
43 -439.367 41.375 4404.378
45 -440.307 26.796 4406.825
46 -465.727 26.255 4401.127
47 -387.797 11.909 4400.151
48 -351.027 5.563 4396.201
49 -426.817 19.589 4405.930
50 -386.867 26.838 4398.572
57 -361.662 -183.009 4394.641
63 -384.792 -186.892 4393.048
64 -436.482 -258.817 4392.779
67 -360.552 -228.354 4394.274
73 -373.787 -189.358 4393.713
82 -360.612 -197.085 4394.695
119 -427.077 -266.289 4393.212
122 -430.907 -239.100 4393.120
124 -426.862 -219.645 4392.945
125 -405.742 -177.282 4392.713
127 -386.567 -230.444 4393.273
130 -425.632 -249.939 4392.973
132 -386.897 -244.860 4393.144
133 -415.597 -248.006 4393.463
134 -413.872 -213.059 4393.170
135 -414.147 -223.139 4392.930
136 -376.817 -239.123 4393.633
137 -399.462 -235.130 4393.583
138 -399.087 -223.432 4393.154
152 -335.052 -199.664 4395.031
153 -350.497 -222.741 4394.370
155 -334.732 -213.452 4395.034
157 -381.932 -176.011 4392.735
158 -335.272 -181.784 4394.720
160 -361.217 -167.984 4394.190
161 -363.362 -217.469 4394.330
163 -348.857 -175.559 4394.487
166 -345.972 -205.039 4394.674
167 -348.952 -190.488 4394.642
190 -412.377 -259.433 4393.087
191 -378.162 -214.822 4393.577
197 -412.557 -270.783 4393.136
198 -401.622 -251.843 4393.150
199 -379.482 -203.777 4393.496
200 -385.257 -209.142 4393.392
201 -395.727 -200.709 4393.100
202 -387.962 -197.996 4393.344
203 -401.362 -194.205 4392.505
