Rotation -30 deg zeroZ 4400
19 -465.724 26.255 4401.127
4 -451.583 32.764 4405.023
1 -439.364 41.375 4404.378
8 -425.686 49.643 4401.253
18 -451.663 18.275 4402.043
2 -440.311 26.796 4406.825
27 -425.805 34.343 4403.648
24 -413.066 41.682 4400.792
13 -441.148 7.950 4403.051
14 -426.820 19.589 4405.930
21 -413.992 25.722 4402.462
16 -400.022 34.301 4399.497
26 -423.394 4.257 4405.610
22 -412.914 11.917 4403.426
30 -400.404 18.622 4401.834
33 -386.866 26.838 4398.572
17 -413.211 -5.285 4403.908
7 -399.201 2.592 4403.078
20 -387.798 11.909 4400.151
15 -374.720 18.941 4397.601
23 -398.950 -11.028 4404.772
10 -386.213 -3.497 4402.952
6 -374.068 4.148 4399.801
5 -361.929 11.769 4396.315
12 -388.089 -18.076 4405.417
11 -372.495 -9.690 4404.369
3 -360.336 -2.726 4400.206
31 -351.029 5.563 4396.201
9 -373.642 -26.648 4403.554
32 -358.934 -19.910 4404.592
25 -346.220 -10.356 4398.198
29 -334.663 -4.285 4396.184
28 -359.827 -33.533 4403.447
916 -517.852 -183.142 4392.676
1248 -504.964 -174.791 4392.516
1250 -491.914 -168.199 4392.654
340 -531.601 -207.543 4392.172
1253 -516.112 -198.017 4392.708
1252 -506.672 -190.559 4392.579
1232 -489.879 -183.218 4392.277
1240 -483.283 -176.846 4392.595
1169 -465.893 -168.094 4392.711
379 -569.940 -242.989 4393.115
1247 -544.007 -227.928 4392.117
342 -518.127 -213.109 4392.373
1249 -504.911 -205.551 4392.389
1235 -491.918 -198.071 4392.558
1229 -478.934 -189.793 4392.834
1238 -465.861 -183.088 4393.043
1230 -452.928 -174.916 4393.461
63 -270.994 -70.433 4395.383
73 -258.049 -63.124 4394.005
141 -193.053 -24.675 4394.455
387 -516.307 -227.879 4392.481
1239 -504.952 -220.655 4392.638
1173 -490.208 -213.069 4392.408
1175 -479.216 -206.655 4392.975
1171 -464.414 -198.087 4392.605
1278 -453.734 -193.378 4392.548
1276 -438.238 -183.193 4392.681
1274 -432.065 -177.114 4392.836
910 -413.920 -167.241 4392.963
1246 -404.909 -159.468 4392.787
158 -259.473 -82.527 4395.592
152 -245.100 -70.418 4394.227
90 -193.747 -41.794 4394.165
92 -179.466 -33.092 4394.785
337 -517.978 -242.957 4392.208
386 -505.046 -235.425 4392.355
1236 -491.935 -228.097 4392.235
1176 -478.959 -219.713 4392.312
1050 -465.999 -213.126 4392.400
917 -452.908 -205.613 4392.837
1279 -439.953 -198.116 4392.397
1245 -426.985 -190.521 4392.934
1271 -413.928 -183.151 4392.779
1115 -401.072 -174.684 4393.056
86 -193.235 -54.776 4394.143
93 -180.199 -48.101 4394.306
375 -505.390 -251.930 4392.173
363 -490.760 -243.097 4392.422
1177 -479.107 -236.048 4392.462
1044 -465.034 -227.130 4392.572
1137 -453.245 -221.680 4392.772
1273 -438.369 -213.085 4392.872
1269 -428.836 -205.425 4392.523
912 -412.344 -198.344 4393.377
68 -401.833 -192.645 4392.806
185 -386.417 -183.133 4392.859
188 -379.929 -173.535 4392.913
163 -362.075 -167.988 4394.161
107 -220.142 -87.234 4393.802
44 -204.514 -78.134 4394.116
84 -193.330 -71.110 4394.178
109 -178.642 -63.021 4394.380
114 -167.024 -58.490 4394.523
366 -544.067 -287.990 4392.278
383 -505.362 -264.173 4392.139
362 -492.031 -257.153 4392.040
418 -481.024 -248.997 4392.502
1243 -465.735 -242.718 4392.564
1140 -452.830 -234.407 4392.819
203 -439.975 -227.845 4392.840
161 -427.156 -220.388 4393.121
149 -414.090 -213.009 4393.233
125 -400.995 -204.593 4393.416
186 -388.002 -197.218 4393.211
187 -375.051 -190.518 4393.620
136 -361.454 -183.107 4394.500
53 -349.173 -175.505 4394.402
201 -336.148 -168.473 4393.580
202 -317.230 -160.391 4394.577
169 -311.583 -149.979 4394.873
167 -295.352 -144.149 4393.571
57 -284.197 -137.984 4393.899
98 -206.156 -93.072 4393.843
81 -193.324 -84.915 4393.817
77 -180.191 -78.059 4394.234
59 -167.535 -69.027 4394.446
419 -490.122 -273.090 4392.373
346 -480.043 -267.761 4392.587
227 -464.081 -257.937 4392.854
1049 -452.537 -251.321 4392.878
1142 -438.914 -243.149 4392.966
155 -427.013 -235.403 4393.012
166 -414.084 -227.858 4393.386
130 -401.353 -221.171 4393.269
160 -386.520 -212.879 4393.273
179 -375.179 -205.765 4393.793
194 -361.675 -198.018 4394.577
132 -349.049 -190.572 4394.541
43 -336.111 -183.017 4394.714
39 -323.388 -176.492 4394.918
52 -305.853 -167.942 4395.739
46 -297.169 -160.633 4395.435
104 -279.963 -152.723 4395.520
108 -222.376 -112.438 4394.422
180 -204.615 -108.207 4394.104
183 -193.868 -101.466 4394.008
178 -178.589 -93.163 4393.690
182 -167.780 -86.978 4394.132
367 -518.147 -302.998 4392.257
290 -492.006 -287.981 4392.128
233 -479.145 -279.549 4392.682
234 -466.011 -273.006 4392.713
345 -452.997 -263.936 4392.742
200 -436.621 -258.817 4392.821
67 -426.140 -250.767 4393.122
153 -415.772 -247.892 4393.208
119 -399.444 -235.250 4393.469
192 -386.709 -230.340 4393.433
157 -378.368 -213.916 4393.787
191 -363.516 -217.473 4394.363
195 -348.270 -206.084 4394.758
137 -335.098 -199.785 4395.001
50 -322.274 -191.166 4395.551
47 -244.310 -145.569 4394.796
106 -199.645 -123.302 4394.414
88 -193.162 -114.822 4394.281
181 -180.235 -108.192 4394.363
87 -167.244 -99.732 4394.316
159 -154.054 -93.434 4394.365
237 -482.227 -295.769 4392.475
1351 -464.720 -288.109 4392.622
238 -455.096 -280.770 4393.147
1356 -438.761 -273.108 4393.053
190 -427.185 -266.229 4393.058
193 -414.050 -256.999 4393.397
133 -401.082 -250.528 4393.029
199 -388.012 -242.941 4393.545
127 -375.061 -235.340 4393.902
124 -361.849 -228.082 4394.188
197 -349.493 -221.027 4394.601
135 -335.431 -213.158 4394.947
198 -324.718 -205.468 4395.344
1374 -302.588 -198.873 4398.784
1292 -284.127 -183.100 4400.159
49 -245.113 -160.590 4396.187
48 -232.070 -152.226 4394.876
94 -193.525 -130.548 4394.911
91 -178.741 -123.116 4394.666
100 -167.613 -116.307 4394.499
64 -153.383 -108.094 4395.050
122 -144.121 -105.168 4394.603
371 -517.980 -333.039 4392.003
235 -492.050 -317.975 4392.390
243 -479.399 -308.955 4392.395
407 -466.121 -302.937 4392.430
239 -452.912 -294.662 4392.779
228 -439.952 -287.968 4392.701
333 -427.693 -280.408 4393.079
138 -412.788 -270.630 4393.288
339 -401.039 -264.663 4392.889
344 -388.045 -258.054 4393.190
385 -375.117 -249.673 4394.238
389 -362.070 -243.051 4394.338
1241 -349.157 -235.583 4394.515
82 -336.147 -228.014 4394.947
370 -323.131 -219.705 4396.271
1368 -297.061 -205.486 4398.589
1288 -284.205 -197.248 4401.972
139 -193.307 -144.758 4394.894
85 -179.632 -136.990 4394.892
83 -167.294 -129.908 4394.673
128 -154.200 -122.248 4394.907
134 -141.182 -113.079 4394.963
403 -464.623 -317.188 4392.426
1352 -453.035 -311.278 4392.729
317 -438.342 -303.074 4392.665
232 -428.562 -295.556 4393.058
1349 -413.694 -288.025 4393.331
1358 -401.131 -280.929 4393.237
343 -386.576 -272.082 4393.325
381 -375.159 -265.590 4394.055
380 -362.056 -258.110 4394.345
1242 -349.742 -249.672 4394.464
1338 -336.127 -242.240 4396.290
1073 -323.093 -235.513 4396.671
1042 -304.091 -228.770 4397.993
1367 -298.756 -222.868 4398.525
1287 -284.224 -212.222 4401.300
96 -193.266 -160.505 4395.044
110 -176.720 -153.765 4395.033
105 -166.731 -144.870 4395.659
123 -153.216 -138.153 4395.198
168 -141.358 -133.733 4395.465
241 -492.030 -347.170 4392.521
919 -466.050 -332.140 4392.370
404 -454.582 -324.624 4392.160
405 -439.953 -317.970 4392.364
338 -427.067 -310.438 4393.120
299 -414.038 -303.006 4393.155
295 -401.160 -295.553 4393.117
303 -388.954 -287.675 4392.958
341 -375.154 -279.716 4393.118
244 -362.150 -273.063 4394.101
313 -349.086 -265.517 4395.730
1343 -336.080 -258.089 4396.900
1344 -323.127 -250.569 4397.306
1339 -304.526 -243.056 4397.760
1341 -297.105 -235.617 4398.441
1340 -284.134 -228.113 4399.365
979 -245.077 -205.681 4406.086
977 -232.036 -198.224 4404.058
1014 -218.811 -189.526 4397.574
908 -206.052 -183.185 4395.410
981 -193.226 -175.713 4395.388
164 -177.991 -165.903 4395.712
36 -167.149 -159.766 4395.253
111 -153.516 -150.861 4395.513
177 -141.278 -144.681 4395.574
172 -128.325 -138.046 4395.474
365 -453.944 -342.836 4391.762
361 -438.310 -333.120 4391.771
1156 -427.073 -326.221 4392.640
1166 -413.772 -318.031 4393.022
1530 -401.119 -310.608 4393.070
297 -387.987 -303.018 4393.111
301 -375.804 -295.934 4392.934
240 -362.093 -287.200 4393.787
1354 -349.135 -279.799 4396.438
1244 -336.180 -273.042 4396.965
1290 -323.095 -265.565 4397.440
1280 -304.235 -257.304 4397.778
1023 -296.983 -250.676 4398.828
1334 -283.870 -242.305 4399.286
1373 -271.197 -235.626 4400.011
1362 -258.133 -228.163 4401.485
1281 -245.011 -220.711 4403.931
1004 -230.963 -213.811 4403.407
851 -193.215 -189.891 4395.831
101 -171.773 -171.333 4395.178
103 -153.422 -168.091 4395.336
131 -128.008 -152.204 4395.608
400 -491.959 -377.075 4392.467
242 -466.140 -362.112 4392.086
364 -440.095 -347.991 4392.061
1164 -427.034 -339.644 4391.783
374 -414.028 -333.036 4391.702
369 -401.064 -325.600 4392.529
305 -388.149 -318.065 4393.233
296 -375.102 -310.555 4392.961
1353 -363.928 -301.713 4392.834
1355 -349.132 -295.606 4393.920
1125 -336.142 -288.016 4396.945
1270 -323.090 -280.551 4397.166
1256 -304.131 -272.216 4397.542
1255 -297.046 -265.621 4398.102
1251 -283.996 -257.313 4398.588
1277 -270.974 -249.812 4399.385
1001 -256.486 -242.280 4400.719
867 -244.863 -235.616 4402.718
1286 -232.046 -227.261 4402.745
331 -178.627 -198.280 4395.916
116 -154.081 -181.589 4395.709
60 -141.279 -174.720 4395.526
126 -127.404 -165.274 4395.594
118 -116.536 -160.484 4395.613
352 -440.037 -362.952 4392.302
357 -427.571 -357.365 4392.302
329 -412.496 -348.071 4392.543
330 -401.061 -341.904 4391.974
355 -387.897 -333.014 4391.983
421 -375.134 -325.429 4392.563
360 -362.023 -317.206 4392.838
1060 -349.019 -311.631 4392.757
1069 -335.300 -302.890 4394.869
1064 -323.171 -295.497 4396.873
1272 -303.665 -288.058 4397.190
1275 -297.062 -279.734 4397.732
1366 -284.083 -273.154 4397.879
1282 -270.981 -265.662 4398.235
1284 -258.026 -258.160 4399.031
903 -245.011 -251.951 4400.663
1003 -231.890 -243.031 4402.119
1301 -219.338 -234.223 4400.041
987 -205.322 -223.321 4398.653
1190 -193.279 -220.719 4398.195
1167 -180.781 -213.177 4396.204
973 -167.283 -205.739 4396.254
327 -152.634 -200.013 4396.452
165 -141.275 -190.465 4395.977
151 -127.280 -183.204 4395.684
324 -466.066 -392.171 4392.461
323 -440.054 -378.014 4392.144
257 -426.984 -370.495 4391.979
263 -414.059 -362.992 4392.181
328 -401.137 -354.617 4392.258
256 -388.041 -347.965 4392.008
356 -375.124 -339.705 4392.584
260 -362.126 -332.998 4392.744
55 -349.002 -325.576 4392.691
915 -336.585 -318.112 4392.891
1065 -323.170 -309.633 4392.880
1291 -303.991 -302.259 4395.912
1061 -297.054 -295.610 4396.918
1364 -284.038 -288.164 4397.385
1371 -271.043 -280.630 4397.756
1285 -257.985 -272.309 4398.381
1289 -245.604 -265.748 4399.123
1299 -230.316 -257.151 4402.068
1103 -206.115 -243.170 4399.252
971 -193.336 -235.707 4398.208
975 -180.295 -228.489 4396.652
980 -167.311 -220.668 4396.764
972 -154.241 -212.948 4396.852
261 -427.436 -386.805 4391.458
1348 -412.721 -378.128 4392.487
914 -402.664 -370.589 4392.436
286 -387.283 -363.103 4391.998
312 -375.905 -357.430 4391.626
259 -361.764 -348.042 4393.006
210 -349.054 -340.543 4392.653
248 -334.532 -333.066 4392.606
246 -324.086 -325.553 4392.858
1040 -303.822 -317.230 4393.758
1370 -297.217 -310.572 4396.178
1259 -284.033 -303.152 4397.289
1258 -271.002 -295.610 4397.506
1360 -257.991 -288.170 4398.251
1317 -247.296 -281.770 4398.603
1106 -193.291 -250.557 4398.915
974 -179.690 -243.214 4397.296
326 -167.340 -235.653 4397.126
335 -154.331 -228.115 4397.319
264 -466.037 -422.966 4391.568
325 -440.061 -407.119 4391.713
267 -414.068 -392.264 4392.256
262 -401.082 -384.728 4392.395
406 -388.138 -378.034 4392.126
285 -375.212 -369.656 4391.962
258 -362.184 -362.241 4391.952
214 -349.190 -355.576 4392.647
293 -336.201 -347.214 4392.651
207 -323.127 -339.713 4392.967
247 -313.972 -340.048 4392.963
1359 -297.263 -324.739 4393.426
1369 -284.239 -318.072 4396.343
1262 -270.996 -309.792 4397.311
1268 -258.037 -302.315 4398.012
1264 -245.053 -295.609 4399.172
1254 -232.118 -288.142 4402.626
1304 -206.190 -272.218 4399.861
1104 -193.367 -264.834 4399.233
1101 -180.375 -257.325 4397.468
334 -167.351 -250.623 4397.070
245 -154.282 -243.178 4396.877
1345 -401.325 -401.222 4392.171
999 -387.673 -393.111 4392.271
410 -375.369 -386.234 4392.025
309 -362.013 -377.997 4392.817
208 -349.067 -370.509 4392.941
291 -334.466 -365.670 4392.583
211 -324.771 -355.721 4392.744
74 -309.990 -349.359 4393.088
1114 -296.672 -341.162 4393.731
1068 -284.259 -332.190 4394.375
1267 -271.263 -325.603 4396.838
1066 -258.063 -317.316 4398.108
1260 -247.090 -311.720 4398.864
1233 -232.547 -301.643 4402.543
1303 -218.636 -293.917 4402.300
1307 -205.974 -288.234 4400.514
1293 -193.359 -279.798 4399.858
1105 -179.995 -273.262 4398.753
1107 -167.315 -264.844 4397.590
332 -154.268 -258.142 4397.326
308 -440.067 -437.156 4391.245
401 -414.134 -423.035 4392.379
412 -388.178 -407.136 4392.076
409 -375.115 -399.717 4392.023
266 -362.164 -393.002 4391.648
204 -349.059 -384.690 4392.940
206 -336.195 -377.178 4392.766
310 -323.297 -369.662 4392.505
70 -309.977 -362.421 4392.452
69 -297.236 -354.791 4392.963
1234 -271.192 -340.562 4396.039
1324 -258.212 -333.151 4397.694
1265 -245.278 -325.596 4398.961
1302 -219.929 -308.714 4402.642
1034 -206.186 -303.199 4401.476
1295 -180.298 -287.267 4399.199
1294 -167.351 -280.636 4398.596
1208 -154.276 -273.150 4397.907
411 -388.000 -423.035 4391.343
252 -376.874 -415.461 4391.801
265 -362.110 -407.219 4392.976
42 -349.224 -400.620 4392.779
66 -334.595 -392.978 4392.749
150 -324.829 -385.653 4392.466
41 -309.713 -378.113 4392.661
78 -298.744 -370.907 4392.710
184 -282.106 -363.048 4392.573
1116 -271.231 -355.191 4396.039
1332 -258.174 -348.040 4397.207
1329 -245.521 -341.188 4398.388
994 -232.340 -333.007 4400.097
821 -219.647 -327.031 4402.954
1237 -206.093 -318.176 4403.857
1297 -193.217 -309.690 4401.775
1168 -179.184 -303.190 4400.164
1159 -167.312 -295.558 4399.350
1112 -154.348 -288.288 4399.131
253 -414.128 -452.160 4392.006
250 -388.264 -438.019 4391.754
255 -376.805 -430.399 4391.610
300 -362.209 -422.981 4392.523
38 -349.159 -414.629 4392.735
311 -336.089 -407.108 4392.386
72 -323.186 -399.731 4392.614
76 -309.585 -392.257 4392.438
37 -297.183 -384.787 4392.531
75 -284.191 -378.100 4392.145
1283 -271.209 -369.792 4394.260
1124 -262.969 -370.245 4397.098
1350 -245.333 -355.576 4398.015
1330 -232.318 -348.105 4399.203
1361 -219.406 -340.628 4401.410
638 -206.320 -333.000 4404.915
1174 -180.328 -318.111 4403.533
1170 -167.356 -309.808 4400.256
876 -154.286 -303.086 4400.148
304 -360.583 -437.890 4392.515
306 -349.210 -430.417 4392.832
413 -334.569 -422.939 4392.190
80 -325.423 -416.154 4392.289
251 -309.103 -407.353 4393.269
196 -282.676 -393.063 4392.850
213 -271.227 -385.677 4395.685
156 -258.209 -378.172 4397.496
641 -243.342 -370.613 4398.325
1072 -232.029 -363.188 4398.936
1074 -219.643 -356.508 4399.998
1296 -206.331 -348.104 4403.388
254 -414.007 -479.370 4391.793
378 -388.192 -468.024 4392.253
298 -362.134 -452.998 4392.386
35 -349.131 -445.403 4392.528
129 -336.140 -437.921 4392.024
40 -298.893 -414.777 4393.791
54 -284.316 -408.077 4395.147
154 -271.192 -400.530 4396.807
1117 -258.204 -393.069 4397.532
1134 -245.230 -385.543 4398.097
1328 -232.686 -376.826 4398.285
1325 -219.323 -370.575 4399.281
1300 -206.385 -363.058 4400.986
650 -193.649 -357.121 4402.888
121 -336.097 -452.030 4392.538
249 -297.287 -429.875 4395.609
382 -283.647 -422.156 4396.776
393 -271.301 -415.532 4397.381
376 -258.128 -407.929 4397.755
277 -245.106 -400.566 4397.959
1113 -232.251 -392.273 4398.328
639 -219.703 -385.548 4398.885
1071 -206.383 -378.157 4399.832
1070 -195.850 -371.296 4401.050
377 -387.385 -497.985 4391.243
102 -362.143 -482.069 4391.810
89 -336.261 -467.149 4392.873
58 -308.594 -453.142 4396.466
56 -297.119 -444.450 4396.950
162 -284.079 -437.839 4397.213
394 -271.073 -430.314 4397.650
278 -258.142 -422.839 4397.574
281 -245.172 -415.553 4398.094
280 -232.261 -408.121 4398.217
349 -219.294 -399.747 4398.656
644 -210.522 -398.194 4398.816
1062 -193.610 -385.571 4400.057
1342 -180.371 -378.103 4399.812
1337 -167.306 -370.680 4400.560
79 -323.240 -474.611 4396.160
61 -308.246 -467.981 4396.686
144 -297.082 -460.353 4397.221
390 -284.149 -452.810 4397.017
171 -271.169 -445.301 4397.459
398 -258.145 -437.821 4397.911
391 -245.245 -430.585 4398.058
279 -232.260 -423.134 4398.228
289 -219.238 -415.632 4398.613
359 -206.251 -408.129 4399.069
640 -193.829 -399.572 4399.394
1347 -180.341 -393.103 4399.354
350 -362.228 -512.545 4395.380
117 -336.227 -497.088 4395.963
99 -310.199 -482.103 4396.530
148 -297.245 -475.440 4396.950
146 -284.090 -467.788 4396.969
143 -271.176 -460.331 4397.477
170 -258.205 -452.844 4397.423
314 -245.314 -445.552 4397.919
395 -232.261 -437.279 4397.999
287 -219.279 -430.596 4398.555
292 -206.300 -422.274 4398.783
347 -193.377 -414.687 4398.773
1346 -180.757 -408.370 4399.245
1336 -167.239 -400.609 4399.628
1335 -154.303 -393.097 4400.368
45 -297.163 -490.399 4396.718
147 -284.018 -481.954 4397.188
189 -271.159 -475.347 4397.403
175 -258.055 -467.835 4397.637
174 -245.198 -460.604 4397.810
302 -232.259 -452.273 4397.949
219 -219.242 -445.640 4398.144
288 -206.301 -438.103 4398.642
294 -193.302 -430.619 4398.773
270 -180.268 -422.312 4398.779
276 -170.814 -421.910 4398.788
1015 -141.432 -400.625 4400.370
1222 -128.373 -393.210 4400.877
1018 -115.388 -385.705 4401.509
115 -336.195 -527.097 4396.047
97 -310.209 -512.132 4396.410
212 -284.181 -497.983 4396.838
140 -271.168 -490.322 4397.281
62 -258.389 -482.932 4397.276
173 -245.319 -475.540 4397.547
396 -232.291 -468.114 4397.675
224 -219.295 -460.593 4397.810
282 -206.227 -453.139 4398.003
284 -193.338 -445.568 4398.123
268 -180.412 -437.285 4398.255
273 -167.382 -429.808 4398.539
1333 -155.233 -425.830 4399.083
1007 -142.609 -414.101 4400.430
1016 -128.346 -407.984 4400.869
1020 -117.007 -400.719 4401.322
1017 -102.370 -393.123 4401.637
215 -271.191 -505.365 4396.886
145 -258.080 -497.855 4397.301
142 -245.258 -490.525 4397.290
113 -232.200 -483.089 4397.390
226 -219.267 -475.605 4397.668
392 -206.308 -468.117 4398.109
229 -193.390 -460.626 4398.396
1118 -180.406 -453.032 4398.486
269 -167.444 -445.594 4398.694
112 -310.176 -542.974 4396.200
216 -284.141 -526.977 4396.908
65 -258.187 -512.824 4396.984
51 -244.514 -505.190 4395.955
95 -232.273 -498.074 4397.126
217 -219.263 -490.639 4397.363
223 -206.300 -483.113 4397.792
1266 -193.136 -475.977 4398.657
1263 -180.335 -468.115 4398.609
1257 -167.187 -460.677 4398.626
275 -154.415 -453.116 4398.897
71 -245.277 -520.392 4396.971
176 -232.200 -512.881 4397.166
120 -219.341 -505.592 4397.331
318 -206.296 -498.121 4398.139
1372 -193.210 -490.618 4398.876
1163 -180.210 -483.174 4398.876
1151 -167.207 -475.689 4399.102
1162 -154.232 -468.177 4398.860
205 -284.154 -556.983 4397.023
209 -258.175 -542.830 4396.748
399 -232.123 -527.953 4396.958
388 -219.211 -520.335 4397.561
358 -206.349 -513.076 4398.086
1363 -193.185 -505.661 4398.642
1153 -180.235 -498.191 4398.662
1155 -167.252 -490.660 4398.599
1161 -154.242 -483.144 4399.145
221 -206.283 -528.047 4398.096
336 -193.350 -520.596 4398.422
225 -180.417 -513.097 4398.457
1357 -167.227 -505.779 4398.868
1158 -153.936 -498.178 4398.927
351 -258.237 -572.017 4396.872
354 -232.124 -557.006 4397.265
230 -206.326 -542.185 4398.100
220 -193.387 -535.570 4398.383
231 -180.413 -528.068 4398.208
1365 -167.149 -519.808 4398.544
1152 -154.183 -513.079 4399.267
222 -180.391 -543.037 4398.131
1160 -167.432 -536.213 4398.535
271 -232.301 -587.052 4396.882
402 -206.456 -572.155 4397.216
397 -180.396 -558.064 4397.975
