Rotation 0 deg zeroZ 0
1 12.773 37.314 0.000
2 0.000 89.989 0.000
3 0.032 44.802 0.000
4 -23.784 90.382 0.000
5 -11.844 82.861 0.000
6 -24.919 75.350 0.000
8 -24.796 60.379 0.000
9 26.036 89.880 0.000
10 13.243 82.353 0.000
12 -11.876 52.842 0.000
13 -0.036 14.690 0.000
14 -24.860 45.389 0.000
15 26.535 29.956 0.000
16 -11.888 37.852 0.000
17 -24.770 30.651 0.000
20 13.048 7.417 0.000
21 12.897 22.375 0.000
22 -11.978 22.900 0.000
23 12.881 -7.582 0.000
24 -25.508 15.360 0.000
25 0.063 74.822 0.000
26 26.101 74.916 0.000
27 13.061 67.267 0.000
28 -26.289 -30.061 0.000
30 26.108 44.898 0.000
31 0.046 59.726 0.000
32 26.812 14.989 0.000
34 27.295 -11.581 0.000
35 -15.321 -8.819 0.000
37 -0.491 2.139 0.000
38 26.891 3.278 0.000
39 12.430 -18.115 0.000
40 -26.101 -15.186 0.000
42 13.066 52.466 0.000
43 1.168 30.256 0.000
45 25.969 59.763 0.000
46 -11.859 67.831 0.000
47 -0.062 -15.233 0.000
50 -13.002 -22.671 0.000
