Rotation -30 deg zeroZ 4400
34 290.071 205.886 4399.038
35 -349.131 -445.403 4392.528
36 -167.149 -159.766 4395.253
37 -297.183 -384.787 4392.531
38 -349.159 -414.629 4392.735
39 -323.388 -176.492 4394.918
40 -298.893 -414.777 4393.791
41 -309.713 -378.113 4392.661
42 -349.224 -400.620 4392.779
43 -336.111 -183.017 4394.714
44 -204.514 -78.134 4394.116
45 -297.163 -490.399 4396.718
46 -297.169 -160.633 4395.435
47 -244.310 -145.569 4394.796
48 -232.070 -152.226 4394.876
49 -245.113 -160.590 4396.187
50 -322.274 -191.166 4395.551
51 -244.514 -505.190 4395.955
52 -305.853 -167.942 4395.739
53 -349.173 -175.505 4394.402
54 -284.316 -408.077 4395.147
55 -349.002 -325.576 4392.691
56 -297.119 -444.450 4396.950
57 -284.197 -137.984 4393.899
58 -308.594 -453.142 4396.466
59 -167.535 -69.027 4394.446
60 -141.279 -174.720 4395.526
61 -308.246 -467.981 4396.686
62 -258.389 -482.932 4397.276
63 157.994 -170.843 4403.961
64 -153.383 -108.094 4395.050
65 -258.187 -512.824 4396.984
66 -334.595 -392.978 4392.749
67 -426.140 -250.767 4393.122
68 -401.833 -192.645 4392.806
69 -297.236 -354.791 4392.963
70 -309.977 -362.421 4392.452
71 -245.277 -520.392 4396.971
72 -323.186 -399.731 4392.614
73 121.124 -170.876 4401.618
74 -309.990 -349.359 4393.088
75 -284.191 -378.100 4392.145
76 -309.585 -392.257 4392.438
77 -180.191 -78.059 4394.234
78 -298.744 -370.907 4392.710
79 -323.240 -474.611 4396.160
80 -325.423 -416.154 4392.289
81 -193.324 -84.915 4393.817
82 -336.147 -228.014 4394.947
83 -167.294 -129.908 4394.673
84 -193.330 -71.110 4394.178
85 -179.632 -136.990 4394.892
86 -193.235 -54.776 4394.143
87 -167.244 -99.732 4394.316
88 -193.162 -114.822 4394.281
89 -336.261 -467.149 4392.873
90 -193.747 -41.794 4394.165
91 -178.741 -123.116 4394.666
92 -179.466 -33.092 4394.785
93 -180.199 -48.101 4394.306
94 -193.525 -130.548 4394.911
95 -232.273 -498.074 4397.126
96 -193.266 -160.505 4395.044
97 -310.209 -512.132 4396.410
98 -206.156 -93.072 4393.843
99 -310.199 -482.103 4396.530
100 -167.613 -116.307 4394.499
101 -171.773 -171.333 4395.178
102 -362.143 -482.069 4391.810
103 -153.422 -168.091 4395.336
104 -279.963 -152.723 4395.520
105 -170.018 -142.348 4395.191
106 -199.645 -123.302 4394.414
107 -220.142 -87.234 4393.802
108 -222.376 -112.438 4394.422
109 -178.642 -63.021 4394.380
110 -176.720 -153.765 4395.033
111 -153.516 -150.861 4395.513
112 -310.176 -542.974 4396.200
113 -232.200 -483.089 4397.390
114 -167.024 -58.490 4394.523
115 -336.195 -527.097 4396.047
116 -154.081 -181.589 4395.709
117 -336.227 -497.088 4395.963
118 -116.536 -160.484 4395.613
119 -399.444 -235.250 4393.469
120 -219.341 -505.592 4397.331
121 -336.097 -452.030 4392.538
122 -144.121 -105.168 4394.603
123 -153.216 -138.153 4395.198
124 -361.849 -228.082 4394.188
125 -400.995 -204.593 4393.416
126 -127.404 -165.274 4395.594
127 -375.061 -235.340 4393.902
128 -154.200 -122.248 4394.907
129 -336.140 -437.921 4392.024
130 -401.353 -221.171 4393.269
131 -128.008 -152.204 4395.608
132 -349.049 -190.572 4394.541
133 -401.082 -250.528 4393.029
134 -141.182 -113.079 4394.963
135 -335.431 -213.158 4394.947
136 -361.454 -183.107 4394.500
137 -335.098 -199.785 4395.001
138 -412.788 -270.630 4393.288
139 -193.307 -144.758 4394.894
140 -271.168 -490.322 4397.281
141 -193.053 -24.675 4394.455
142 -245.258 -490.525 4397.290
143 -271.176 -460.331 4397.477
144 -297.082 -460.353 4397.221
145 -258.080 -497.855 4397.301
146 -284.090 -467.788 4396.969
147 -284.018 -481.954 4397.188
148 -297.245 -475.440 4396.950
149 -414.090 -213.009 4393.233
150 -324.829 -385.653 4392.466
151 -127.280 -183.204 4395.684
152 -245.100 -70.418 4394.227
153 -415.772 -247.892 4393.208
154 -271.192 -400.530 4396.807
155 -427.013 -235.403 4393.012
156 -258.209 -378.172 4397.496
157 -378.368 -213.916 4393.787
158 -259.473 -82.527 4395.592
159 -154.054 -93.434 4394.365
160 -386.520 -212.879 4393.273
161 -427.156 -220.388 4393.121
162 -284.079 -437.839 4397.213
163 -362.075 -167.988 4394.161
164 -177.991 -165.903 4395.712
165 -141.275 -190.465 4395.977
166 -414.084 -227.858 4393.386
167 -295.352 -144.149 4393.571
168 -141.358 -133.733 4395.465
169 -311.583 -149.979 4394.873
170 -258.205 -452.844 4397.423
171 -271.169 -445.301 4397.459
172 -128.325 -138.046 4395.474
173 -245.319 -475.540 4397.547
174 -245.198 -460.604 4397.810
175 -258.055 -467.835 4397.637
176 -232.200 -512.881 4397.166
177 -141.278 -144.681 4395.574
178 -178.589 -93.163 4393.690
179 -375.179 -205.765 4393.793
180 -204.615 -108.207 4394.104
181 -180.235 -108.192 4394.363
182 -167.780 -86.978 4394.132
183 -193.868 -101.466 4394.008
184 -282.106 -363.048 4392.573
185 -386.417 -183.133 4392.859
186 -388.002 -197.218 4393.211
187 -375.051 -190.518 4393.620
188 -379.929 -173.535 4392.913
189 -271.159 -475.347 4397.403
190 -427.185 -266.229 4393.058
191 -363.516 -217.473 4394.363
192 -386.709 -230.340 4393.433
193 -414.050 -256.999 4393.397
194 -361.675 -198.018 4394.577
195 -348.270 -206.084 4394.758
196 -282.676 -393.063 4392.850
197 -349.493 -221.027 4394.601
198 -324.718 -205.468 4395.344
199 -388.012 -242.941 4393.545
200 -436.621 -258.817 4392.821
201 -336.148 -168.473 4393.580
202 -317.230 -160.391 4394.577
203 -439.975 -227.845 4392.840
204 -349.059 -384.690 4392.940
205 -284.154 -556.983 4397.023
206 -336.195 -377.178 4392.766
207 -323.127 -339.713 4392.967
208 -349.067 -370.509 4392.941
209 -258.175 -542.830 4396.748
210 -349.054 -340.543 4392.653
211 -324.771 -355.721 4392.744
212 -284.181 -497.983 4396.838
213 -271.227 -385.677 4395.685
214 -349.190 -355.576 4392.647
215 -271.191 -505.365 4396.886
216 -284.141 -526.977 4396.908
217 -219.263 -490.639 4397.363
218 27.579 -528.507 4417.928
219 -219.242 -445.640 4398.144
220 -193.387 -535.570 4398.383
221 -206.283 -528.047 4398.096
222 -180.391 -543.037 4398.131
223 -206.300 -483.113 4397.792
224 -219.295 -460.593 4397.810
225 -180.417 -513.097 4398.457
226 -219.267 -475.605 4397.668
227 -464.081 -257.937 4392.854
228 -439.952 -287.968 4392.701
229 -193.390 -460.626 4398.396
230 -206.326 -542.185 4398.100
231 -180.413 -528.068 4398.208
232 -428.562 -295.556 4393.058
233 -479.145 -279.549 4392.682
234 -466.011 -273.006 4392.713
235 -492.050 -317.975 4392.390
236 404.808 33.695 4401.475
237 -482.227 -295.769 4392.475
238 -455.096 -280.770 4393.147
239 -452.912 -294.662 4392.779
240 -362.093 -287.200 4393.787
241 -492.030 -347.170 4392.521
242 -466.140 -362.112 4392.086
243 -479.399 -308.955 4392.395
244 -362.150 -273.063 4394.101
245 -154.282 -243.178 4396.877
246 -324.086 -325.553 4392.858
247 -313.972 -340.048 4392.963
248 -334.532 -333.066 4392.606
249 -297.287 -429.875 4395.609
250 -388.264 -438.019 4391.754
251 -309.103 -407.353 4393.269
252 -376.874 -415.461 4391.801
253 -414.128 -452.160 4392.006
254 -414.007 -479.370 4391.793
255 -376.805 -430.399 4391.610
256 -388.041 -347.965 4392.008
257 -426.984 -370.495 4391.979
258 -362.184 -362.241 4391.952
259 -361.764 -348.042 4393.006
260 -362.126 -332.998 4392.744
261 -427.436 -386.805 4391.458
262 -401.082 -384.728 4392.395
263 -414.059 -362.992 4392.181
264 -466.037 -422.966 4391.568
265 -362.110 -407.219 4392.976
266 -362.164 -393.002 4391.648
267 -414.068 -392.264 4392.256
268 -180.412 -437.285 4398.255
269 -167.444 -445.594 4398.694
270 -180.268 -422.312 4398.779
271 -232.301 -587.052 4396.882
272 92.548 -386.219 4411.968
273 -167.382 -429.808 4398.539
274 14.675 -535.510 4417.397
275 -154.415 -453.116 4398.897
276 -170.814 -421.910 4398.788
277 -245.106 -400.566 4397.959
278 -258.142 -422.839 4397.574
279 -232.260 -423.134 4398.228
280 -232.261 -408.121 4398.217
281 -245.172 -415.553 4398.094
282 -206.227 -453.139 4398.003
283 -336.201 -347.214 4392.651
284 -193.338 -445.568 4398.123
285 -375.212 -369.656 4391.962
286 -387.283 -363.103 4391.998
287 -219.279 -430.596 4398.555
288 -206.301 -438.103 4398.642
289 -219.238 -415.632 4398.613
290 -492.006 -287.981 4392.128
291 -334.466 -365.670 4392.583
292 -206.300 -422.274 4398.783
293 41.066 -565.883 4417.844
294 -193.302 -430.619 4398.773
295 -401.160 -295.553 4393.117
296 -375.102 -310.555 4392.961
297 -387.987 -303.018 4393.111
298 -362.134 -452.998 4392.386
299 -414.038 -303.006 4393.155
300 -362.209 -422.981 4392.523
301 -375.804 -295.934 4392.934
302 -232.259 -452.273 4397.949
303 -388.954 -287.675 4392.958
304 -360.583 -437.890 4392.515
305 -388.149 -318.065 4393.233
306 -349.210 -430.417 4392.832
308 -440.067 -437.156 4391.245
309 -362.013 -377.997 4392.817
310 -323.297 -369.662 4392.505
311 -336.089 -407.108 4392.386
312 -375.905 -357.430 4391.626
313 -349.086 -265.517 4395.730
314 -245.314 -445.552 4397.919
315 64.224 -399.605 4411.738
316 27.651 -573.127 4417.066
317 -438.342 -303.074 4392.665
318 -206.296 -498.121 4398.139
319 -23.296 -272.492 4400.352
320 80.952 -393.690 4411.584
321 418.183 26.578 4401.390
322 -115.257 -128.721 4395.586
323 -440.054 -378.014 4392.144
324 -466.066 -392.171 4392.461
325 -440.061 -407.119 4391.713
326 -167.340 -235.653 4397.126
327 -152.634 -200.013 4396.452
328 -401.137 -354.617 4392.258
329 -412.496 -348.071 4392.543
330 -401.061 -341.904 4391.974
331 -178.627 -198.280 4395.916
332 -154.268 -258.142 4397.326
333 -427.693 -280.408 4393.079
334 -167.351 -250.623 4397.070
335 -154.331 -228.115 4397.319
336 -193.350 -520.596 4398.422
337 -517.978 -242.957 4392.208
338 -427.067 -310.438 4393.120
339 -401.039 -264.663 4392.889
340 -531.601 -207.543 4392.172
341 -375.154 -279.716 4393.118
342 -518.127 -213.109 4392.373
343 -386.576 -272.082 4393.325
344 -388.045 -258.054 4393.190
345 -452.997 -263.936 4392.742
346 -480.043 -267.761 4392.587
347 -193.377 -414.687 4398.773
348 3.507 -155.813 4397.275
349 -219.294 -399.747 4398.656
350 -362.228 -512.545 4395.380
351 -258.237 -572.017 4396.872
352 -440.037 -362.952 4392.302
353 92.572 -175.912 4400.227
354 -232.124 -557.006 4397.265
355 -387.897 -333.014 4391.983
356 -375.124 -339.705 4392.584
357 -427.571 -357.365 4392.302
358 -206.349 -513.076 4398.086
359 -206.251 -408.129 4399.069
360 -362.023 -317.206 4392.838
361 -438.310 -333.120 4391.771
362 -492.031 -257.153 4392.040
363 -490.760 -243.097 4392.422
364 -440.095 -347.991 4392.061
365 -453.944 -342.836 4391.762
366 -544.067 -287.990 4392.278
367 -518.147 -302.998 4392.257
368 -11.267 -445.686 4408.328
369 -401.064 -325.600 4392.529
370 -323.131 -219.705 4396.271
371 -517.980 -333.039 4392.003
372 -544.113 -317.939 4391.587
373 79.696 -408.017 4411.017
374 -414.028 -333.036 4391.702
375 -505.390 -251.930 4392.173
376 -258.128 -407.929 4397.755
377 -387.385 -497.985 4391.243
378 -388.192 -468.024 4392.253
379 -569.940 -242.989 4393.115
380 -362.056 -258.110 4394.345
381 -375.159 -265.590 4394.055
382 -283.647 -422.156 4396.776
383 -505.362 -264.173 4392.139
384 -112.551 -190.541 4395.461
385 -375.117 -249.673 4394.238
386 -505.046 -235.425 4392.355
387 -516.307 -227.879 4392.481
388 -219.211 -520.335 4397.561
389 -362.070 -243.051 4394.338
390 -284.149 -452.810 4397.017
391 -245.245 -430.585 4398.058
392 -206.308 -468.117 4398.109
393 -271.301 -415.532 4397.381
394 -271.073 -430.314 4397.650
395 -232.261 -437.279 4397.999
396 -232.291 -468.114 4397.675
397 -180.396 -558.064 4397.975
398 -258.145 -437.821 4397.911
399 -232.123 -527.953 4396.958
400 -491.959 -377.075 4392.467
401 -414.134 -423.035 4392.379
402 -206.456 -572.155 4397.216
403 -464.623 -317.188 4392.426
404 -454.582 -324.624 4392.160
405 -439.953 -317.970 4392.364
406 -388.138 -378.034 4392.126
407 -466.121 -302.937 4392.430
408 -219.054 -131.380 4394.839
409 -375.115 -399.717 4392.023
410 -375.369 -386.234 4392.025
411 -388.000 -423.035 4391.343
412 -388.178 -407.136 4392.076
413 -334.569 -422.939 4392.190
414 265.303 -199.784 4407.459
415 -102.137 -153.008 4395.450
416 249.338 -176.555 4406.220
417 249.203 -205.635 4408.470
418 -481.024 -248.997 4392.502
419 -490.122 -273.090 4392.373
420 -145.101 -155.385 4395.657
421 -375.134 -325.429 4392.563
422 -244.934 -84.750 4393.121
423 340.228 -18.351 4401.227
424 366.208 -3.302 4401.238
425 236.198 -168.446 4405.255
426 118.878 -162.565 4400.316
427 -439.939 -168.054 4392.101
428 -413.958 -153.105 4392.197
429 -426.825 -160.529 4392.387
430 339.988 11.964 4400.473
431 353.023 19.472 4400.769
432 327.118 4.426 4400.460
433 340.048 -3.166 4400.767
434 -233.666 -63.047 4393.852
435 -452.831 -160.562 4392.183
436 -258.099 -183.012 4401.270
437 419.708 71.611 4405.400
438 353.178 -9.525 4401.051
439 379.148 34.509 4401.901
440 444.363 26.613 4391.717
441 405.263 63.997 4403.011
442 353.208 34.105 4401.932
443 301.363 1.083 4398.900
444 443.423 41.547 4402.253
445 288.378 -77.538 4390.456
446 352.943 63.617 4401.180
447 222.933 -55.778 4400.690
448 223.538 -39.930 4400.515
449 353.188 79.151 4401.618
450 378.399 229.140 4401.466
451 -478.954 -160.716 4392.422
452 -232.141 -78.008 4393.023
453 404.973 3.471 4391.278
454 -543.240 -256.520 4392.195
455 431.198 -10.471 4401.610
456 428.513 -26.597 4401.579
457 -517.015 -270.894 4391.550
458 418.208 -32.452 4401.459
459 327.318 -70.940 4391.316
460 -531.097 -188.746 4392.141
461 326.458 -53.821 4391.618
462 340.073 -78.404 4401.596
463 405.333 19.082 4401.374
464 314.168 -62.505 4391.105
465 223.638 -116.051 4391.465
466 367.448 86.323 4401.949
467 210.173 -123.427 4391.342
468 391.953 26.795 4401.843
469 -51.301 -632.224 4415.703
470 327.183 64.238 4400.601
471 236.248 -108.389 4391.162
472 379.203 94.134 4402.691
473 16.940 -431.546 4409.734
474 340.298 56.529 4401.174
475 210.008 -78.099 4400.037
476 392.258 -3.359 4401.381
477 327.263 49.177 4401.040
478 210.288 -108.494 4400.650
479 223.108 -101.064 4400.605
480 210.708 -65.326 4400.209
481 -271.584 -146.603 4395.205
482 392.238 11.617 4401.311
483 -102.519 -139.452 4395.276
484 210.288 -93.473 4400.243
485 -245.436 -131.572 4393.818
486 223.213 -85.866 4400.468
487 222.918 -71.021 4400.100
488 288.068 -183.180 4407.028
489 314.158 -168.552 4406.515
490 301.023 -176.070 4406.914
491 -75.757 -498.463 4407.356
492 -128.015 -543.259 4399.938
493 -36.656 -475.185 4411.898
494 104.918 -415.992 4411.283
495 104.896 -514.895 4414.610
496 -19.700 -452.901 4409.309
497 1.867 -438.063 4409.633
498 -24.306 -512.053 4415.120
499 29.081 -483.196 4411.738
500 -37.253 -460.699 4410.337
501 -257.926 -168.128 4399.468
502 16.722 -566.998 4415.559
503 -126.065 -527.957 4400.922
504 -272.135 -161.126 4396.198
505 431.358 79.134 4403.488
506 455.398 93.010 4404.185
507 -231.108 -91.964 4393.846
508 469.903 85.955 4403.100
509 470.363 71.658 4402.860
510 470.218 42.442 4402.338
511 -303.382 -182.672 4397.671
512 444.298 70.820 4402.682
513 470.298 56.625 4402.395
514 457.343 79.123 4403.026
515 262.298 -18.377 4400.287
516 -218.995 -101.005 4395.171
517 249.143 -40.641 4400.340
518 -245.183 -100.474 4395.124
519 274.973 -25.696 4400.731
520 -229.046 -108.921 4395.675
521 249.273 -25.875 4400.572
522 -274.878 -116.100 4394.430
523 -271.013 -130.691 4394.010
524 -271.180 -220.762 4400.841
525 -284.167 -120.352 4393.734
526 275.013 -11.155 4399.913
527 288.603 -3.559 4399.799
528 301.078 -10.726 4399.826
529 -0.197 -557.968 4413.450
530 -11.218 -550.542 4412.483
531 105.468 -543.861 4415.663
532 -12.165 -537.416 4415.716
533 80.822 -513.102 4414.877
534 1.729 -543.032 4415.546
535 92.677 -505.471 4414.042
536 -37.315 -564.626 4410.875
537 -50.167 -573.041 4410.285
538 -25.192 -498.236 4413.829
539 79.552 -123.277 4398.019
540 -43.495 -496.653 4412.779
541 2.548 -574.367 4414.207
542 -37.033 -490.740 4413.087
543 81.772 -423.028 4410.805
544 53.692 -513.014 4416.903
545 80.288 -468.267 4410.988
546 67.622 -443.857 4410.191
547 66.671 -505.551 4415.730
548 -23.650 -589.353 4413.869
549 104.751 -395.177 4411.579
550 105.623 -467.925 4411.658
551 79.894 -378.373 4411.892
552 91.792 -536.460 4416.102
553 -49.759 -483.698 4410.471
554 89.450 -476.423 4411.594
555 101.467 -157.085 4399.902
556 54.160 -499.513 4416.663
557 67.515 -522.291 4416.378
558 101.716 -107.920 4398.690
559 100.757 -123.396 4396.069
560 103.408 -203.052 4404.152
561 -50.070 -468.744 4410.257
562 54.395 -543.958 4417.051
563 54.698 -525.991 4416.922
564 102.028 -144.815 4399.721
565 102.288 -182.850 4401.179
566 92.699 -127.841 4396.032
567 40.444 -505.900 4417.194
568 -24.442 -573.927 4412.692
569 -63.466 -566.788 4409.648
570 -63.404 -205.711 4396.369
571 -75.699 -303.304 4399.067
572 -25.101 -529.940 4413.966
573 -37.167 -505.606 4412.838
574 10.425 -549.455 4415.844
575 67.243 -492.328 4413.895
576 1.779 -453.065 4409.471
577 262.213 -92.429 4390.806
578 483.338 109.170 4402.822
579 392.368 56.569 4402.582
580 -86.050 -205.080 4396.116
581 327.163 18.982 4401.110
582 457.198 19.946 4391.931
583 -86.818 -520.790 4405.700
584 441.818 54.783 4402.769
585 431.413 63.382 4402.613
586 456.803 33.465 4392.068
587 379.363 49.112 4402.756
588 -75.878 -379.951 4403.845
589 470.343 101.667 4403.097
590 314.173 11.571 4400.665
591 340.248 26.642 4401.163
592 366.228 41.662 4402.266
593 66.735 -415.526 4411.267
594 457.168 49.144 4402.255
595 -74.629 -204.846 4396.274
596 40.773 -476.067 4410.276
597 37.529 -491.156 4413.404
598 -76.270 -213.001 4396.557
599 -11.448 -205.859 4397.544
600 -282.933 -168.562 4396.734
601 27.743 -468.020 4409.485
602 -232.129 -167.973 4396.140
603 -259.132 -157.888 4395.688
604 57.612 -437.904 4410.728
605 -98.079 -557.663 4405.841
606 -297.212 -175.889 4396.229
607 14.676 -489.853 4412.916
608 28.649 -542.964 4416.768
609 30.204 -499.432 4415.904
610 1.464 -498.773 4415.953
611 -76.177 -543.083 4406.588
612 -89.090 -550.494 4405.942
613 41.552 -552.241 4417.090
614 106.083 -441.089 4411.369
615 -90.713 -535.500 4404.188
616 28.291 -513.434 4417.422
617 -141.228 -250.663 4396.881
618 -141.044 -520.748 4400.239
619 -76.521 -528.843 4406.432
620 -141.249 -505.768 4400.102
621 -15.081 -168.127 4397.225
622 -50.387 -228.281 4396.742
623 11.413 -152.667 4397.280
624 -11.472 -175.750 4396.860
625 14.559 -160.844 4397.078
626 134.288 -81.472 4399.090
627 -24.405 -183.273 4396.867
628 1.633 -168.257 4396.999
629 1.505 -408.641 4409.423
630 -74.293 -479.613 4407.343
631 50.985 -453.109 4409.722
632 67.085 -462.246 4410.668
633 1.521 -333.226 4406.073
634 2.376 -301.842 4405.314
635 14.682 -310.667 4407.077
636 -11.588 -310.793 4404.422
637 -63.390 -491.487 4408.923
638 -206.320 -333.000 4404.915
639 -219.703 -385.548 4398.885
640 -193.829 -399.572 4399.394
641 -243.342 -370.613 4398.325
642 -11.193 -295.884 4403.298
643 -12.752 -329.572 4405.395
644 -210.522 -398.194 4398.816
645 1.625 -318.158 4406.521
646 40.204 -159.491 4396.025
647 1.704 -468.190 4409.499
648 -11.392 -489.479 4413.255
649 12.783 -474.506 4409.734
650 -193.649 -357.121 4402.888
651 14.082 -463.303 4409.338
652 73.320 -116.832 4398.193
653 -63.903 -519.556 4407.937
654 1.699 -482.015 4411.123
655 -11.253 -475.581 4411.789
656 79.702 -498.035 4412.717
657 104.758 -453.685 4411.072
658 92.586 -490.429 4412.031
659 2.037 -363.705 4406.365
660 -128.169 -109.209 4394.941
661 66.792 -295.805 4410.290
662 -112.319 -147.112 4396.055
663 79.807 -303.252 4411.374
664 -24.198 -377.217 4405.332
665 65.931 -310.861 4410.091
666 -128.028 -558.114 4400.635
667 -138.162 -535.328 4399.176
668 -145.475 -549.366 4399.647
669 -89.736 -294.001 4398.106
670 -89.026 -565.893 4407.070
671 -127.648 -516.161 4401.011
672 -63.262 -474.055 4408.767
673 56.376 -555.124 4418.321
674 92.493 -370.062 4412.309
675 -115.069 -490.503 4401.003
676 67.561 -535.027 4417.120
677 -48.588 -543.810 4410.203
678 -103.709 -540.165 4402.586
679 -93.327 -510.185 4405.916
680 28.895 -561.492 4416.741
681 -102.267 -528.034 4402.757
682 92.597 -565.573 4419.111
683 -15.576 -567.209 4412.544
684 104.214 -336.321 4413.860
685 -24.413 -438.223 4407.678
686 66.700 -384.608 4411.789
687 105.689 -558.035 4416.872
688 107.288 -503.126 4413.323
689 -50.369 -438.283 4406.521
690 105.707 -528.042 4415.392
691 66.771 -551.302 4417.849
692 -49.898 -423.852 4404.744
693 26.833 -618.190 4422.659
694 52.902 -603.103 4421.964
695 40.615 -145.756 4397.332
696 66.545 -144.951 4396.574
697 53.578 -631.457 4426.189
698 78.893 -619.439 4424.349
699 -76.739 -588.361 4409.864
700 -89.364 -280.778 4397.684
701 1.455 -603.185 4417.841
702 27.360 -588.378 4418.400
703 -50.523 -603.234 4412.814
704 -0.029 -633.199 4420.303
705 -37.345 -280.827 4400.388
706 37.035 -138.436 4397.588
707 -102.451 -603.258 4406.900
708 -75.433 -618.313 4411.667
709 105.341 -603.285 4420.160
710 80.934 -587.936 4423.423
711 14.937 -173.591 4395.657
712 104.864 -573.243 4419.272
713 131.251 -618.240 4419.747
714 117.769 -569.093 4418.208
715 -66.908 -198.750 4396.502
716 -49.911 -198.293 4396.595
717 -63.804 -218.670 4395.148
718 92.648 -145.528 4399.537
719 -40.720 -183.920 4396.854
720 -206.187 -62.991 4393.961
721 -194.708 -206.547 4397.233
722 -219.116 -58.026 4394.422
723 -220.698 -70.372 4393.497
724 -303.855 -211.773 4397.654
725 -297.426 -401.474 4392.620
726 -323.115 -460.417 4394.939
727 183.968 87.053 4398.601
728 1.735 -528.018 4417.511
729 -100.074 -170.003 4396.416
730 -132.950 -130.070 4395.559
731 -88.969 -160.894 4395.350
732 92.377 -550.671 4416.957
733 -50.044 -452.081 4407.822
734 82.640 -528.128 4416.239
735 79.851 -558.168 4419.373
736 -75.351 -467.132 4407.719
737 -48.640 -528.205 4409.596
738 27.515 -153.273 4397.203
739 -24.491 -618.184 4416.210
740 66.498 -130.848 4397.704
741 80.674 -138.549 4397.781
742 92.030 -116.769 4398.283
743 2.637 -513.443 4415.974
744 40.458 -250.001 4402.619
745 105.263 -484.034 4411.878
746 40.477 -235.895 4401.798
747 53.464 -243.435 4402.952
748 53.487 -228.394 4402.302
749 27.365 -273.367 4404.537
750 53.573 -213.410 4401.008
751 27.471 -228.417 4399.912
752 40.417 -220.810 4400.477
753 27.487 -258.259 4402.540
754 41.020 -265.894 4404.565
755 14.449 -235.868 4399.655
756 1.506 -244.694 4399.118
757 196.453 51.717 4397.562
758 53.564 -572.603 4419.783
759 -24.445 -288.327 4401.432
760 27.581 -243.373 4401.394
761 53.576 -467.095 4409.925
762 104.292 -354.984 4413.481
763 -63.161 -505.555 4408.473
764 65.680 -563.234 4419.939
765 -11.411 -250.815 4398.775
766 14.545 -280.934 4404.532
767 1.579 -258.371 4401.006
768 1.519 -288.407 4404.477
769 -63.401 -235.962 4397.298
770 -7.590 -275.644 4401.366
771 1.527 -273.351 4401.992
772 102.017 -243.553 4407.938
773 28.320 -438.103 4409.724
774 -62.827 -536.394 4408.983
775 196.068 125.840 4397.655
776 -37.203 -550.031 4410.747
777 93.330 -521.737 4415.437
778 -206.878 -598.802 4396.884
779 53.525 -138.434 4398.133
780 -285.030 -347.712 4394.572
781 104.460 -257.483 4409.921
782 -93.052 -446.118 4404.443
783 -23.258 -469.444 4412.434
784 -31.862 -515.388 4413.454
785 -63.308 -459.394 4407.852
786 78.080 -543.260 4416.860
787 -24.291 -481.604 4413.242
788 53.826 -422.992 4410.778
789 104.201 -232.818 4406.504
790 40.641 -454.557 4409.622
791 -50.462 -243.639 4397.418
792 -50.363 -258.424 4398.803
793 90.469 -460.616 4411.483
794 14.622 -504.784 4415.892
795 -10.525 -519.623 4415.693
796 -20.705 -213.199 4397.673
797 -102.067 -514.110 4402.693
798 -36.964 -536.448 4412.318
799 -89.308 -264.951 4396.986
800 -76.120 -513.065 4407.147
801 -24.151 -557.978 4411.155
802 -127.494 -303.413 4398.298
803 -115.121 -505.589 4402.283
804 -115.236 -537.221 4401.603
805 -11.329 -505.533 4415.766
806 -24.255 -543.104 4412.106
807 -115.128 -520.514 4401.851
808 -89.565 -490.654 4406.017
809 -115.158 -550.506 4402.834
810 -180.501 -587.126 4397.707
811 -128.532 -618.285 4404.628
812 -128.332 -588.071 4403.682
813 -154.297 -603.152 4401.781
814 -154.285 -528.231 4399.547
815 -37.493 -251.530 4398.497
816 27.612 -423.264 4410.175
817 -154.392 -573.156 4398.604
818 40.044 -415.836 4410.983
819 -37.501 -190.786 4396.818
820 -152.921 -542.136 4398.359
821 -219.647 -327.031 4402.954
822 53.498 -168.372 4398.997
823 53.989 -408.337 4411.413
824 1.538 -423.210 4409.113
825 -11.847 -339.708 4406.092
826 79.483 -153.396 4399.233
827 -24.382 -333.180 4405.778
828 14.566 -190.899 4398.679
829 1.515 -198.353 4398.422
830 27.568 -183.440 4398.700
831 40.380 -175.031 4398.899
832 66.472 -160.832 4398.854
833 -24.428 -318.172 4404.446
834 -24.412 -303.101 4403.574
835 -37.353 -325.622 4404.599
836 -37.498 -220.912 4396.838
837 205.173 -24.271 4398.527
838 -89.359 -235.816 4396.355
839 -140.694 -356.233 4402.837
840 -152.791 -375.055 4400.819
841 -154.339 -363.134 4402.001
842 40.936 -446.247 4409.459
843 -50.213 -513.066 4409.972
844 27.668 -453.108 4409.342
845 -102.395 -243.268 4396.675
846 14.467 -264.927 4401.775
847 -96.726 -257.614 4397.412
848 -115.415 -251.499 4396.914
849 -115.194 -235.767 4396.494
850 40.727 -430.531 4410.598
851 -193.215 -189.891 4395.831
852 14.832 -444.461 4409.613
853 91.207 -416.777 4410.718
854 78.162 -452.202 4410.548
855 92.783 -429.638 4410.766
856 80.131 -483.170 4411.928
857 79.766 -438.034 4410.659
858 -115.174 -565.741 4403.007
859 92.273 -446.154 4411.063
860 -101.854 -454.281 4403.440
861 -76.804 -453.309 4406.354
862 -63.351 -445.358 4406.262
863 104.882 -423.086 4411.168
864 -115.292 -430.531 4403.172
865 -138.817 -340.087 4404.517
866 -115.009 -221.105 4396.106
867 -244.863 -235.616 4402.718
868 -127.719 -438.201 4403.072
869 -128.407 -453.030 4400.555
870 -11.598 -266.113 4400.985
871 -115.798 -477.388 4400.080
872 -128.301 -483.233 4399.661
873 -124.777 -333.036 4403.593
874 -127.939 -243.241 4396.833
875 -128.246 -258.167 4397.087
876 -154.286 -303.086 4400.148
877 92.034 -400.743 4411.366
878 53.583 -483.023 4411.557
879 40.646 -520.508 4417.376
880 -180.255 -363.152 4402.789
881 40.265 -535.085 4416.659
882 196.298 213.755 4399.761
883 -126.408 -230.444 4396.272
884 -141.369 -220.645 4396.507
885 14.644 -520.606 4417.715
886 53.392 -348.273 4411.496
887 53.554 -378.273 4411.685
888 -141.182 -265.643 4397.146
889 -141.220 -235.706 4396.887
890 -115.230 -295.815 4397.772
891 54.454 -364.553 4411.366
892 -219.032 -249.798 4400.303
893 27.824 -378.600 4410.164
894 -101.858 -288.310 4397.666
895 92.417 -279.893 4410.643
896 -115.355 -265.906 4397.101
897 79.471 -258.040 4407.560
898 92.559 -250.630 4407.854
899 -128.498 -288.179 4397.542
900 -205.333 -197.903 4397.167
901 195.793 -4.052 4398.835
902 -191.279 -292.724 4399.756
903 -245.011 -251.951 4400.663
904 -205.052 -257.230 4400.062
905 -220.448 -282.107 4402.015
906 -231.062 -271.991 4401.262
907 -115.339 -280.853 4397.378
908 -206.052 -183.185 4395.410
909 -220.058 -266.654 4401.135
910 -413.920 -167.241 4392.963
911 482.123 -25.065 4402.304
912 -412.344 -198.344 4393.377
913 27.564 -303.160 4407.367
914 -402.664 -370.589 4392.436
915 -336.585 -318.112 4392.891
916 -517.852 -183.142 4392.676
917 -452.908 -205.613 4392.837
918 14.489 -250.852 4401.560
919 -466.050 -332.140 4392.370
920 -37.403 -264.859 4399.079
921 -37.473 -310.690 4403.353
922 -218.061 -208.537 4399.985
923 -24.559 -258.404 4398.727
924 -50.485 -273.288 4399.665
925 -167.702 -341.494 4407.467
926 -165.496 -325.775 4403.506
927 -153.750 -318.220 4400.837
928 -154.352 -332.225 4403.465
929 -50.539 -318.167 4403.095
930 66.296 -432.036 4410.654
931 -49.790 -558.153 4410.191
932 66.735 -474.586 4411.202
933 102.596 -363.787 4413.013
934 377.899 213.828 4401.080
935 14.466 -325.925 4407.338
936 -50.135 -393.055 4403.853
937 -49.238 -408.343 4404.685
938 -88.916 -476.197 4404.880
939 -76.092 -558.016 4406.934
940 -63.249 -548.791 4408.506
941 -102.404 -273.248 4397.077
942 -89.456 -310.765 4399.797
943 -206.120 -213.197 4397.797
944 -218.564 -221.852 4400.161
945 -76.430 -333.190 4402.747
946 -102.389 -303.225 4398.599
947 27.545 -318.268 4407.461
948 -117.662 -309.389 4398.697
949 -167.319 -385.663 4399.622
950 -63.868 -324.122 4402.211
951 -76.440 -318.160 4399.902
952 -63.509 -339.017 4403.828
953 -154.014 -349.650 4405.611
954 -102.934 -483.053 4402.256
955 -101.900 -573.082 4405.841
956 -115.348 -370.710 4401.204
957 -172.694 -356.909 4404.888
958 -180.256 -348.199 4407.476
959 -257.957 -123.126 4394.041
960 -206.087 -153.079 4395.286
961 -100.437 -468.154 4402.556
962 -218.659 -173.574 4396.053
963 1.773 -182.249 4395.458
964 -86.066 -252.105 4396.902
965 -76.041 -438.817 4404.341
966 -24.197 -408.814 4405.871
967 -24.098 -424.935 4407.032
968 78.483 -337.052 4412.712
969 -205.970 -168.523 4395.517
970 -11.302 -416.026 4407.902
971 -193.336 -235.707 4398.208
972 -154.241 -212.948 4396.852
973 -167.283 -205.739 4396.254
974 -179.690 -243.214 4397.296
975 -180.295 -228.489 4396.652
976 -37.404 -430.809 4406.435
977 -232.036 -198.224 4404.058
978 -205.322 -223.321 4398.653
979 -245.077 -205.681 4406.086
980 -167.311 -220.668 4396.764
981 -193.226 -175.713 4395.388
982 66.564 -354.963 4412.405
983 -37.415 -355.592 4405.696
984 -232.142 -319.384 4400.735
985 -12.132 -357.541 4405.890
986 -24.478 -348.187 4405.615
987 -24.568 -363.093 4405.813
988 -37.518 -340.659 4405.076
989 -51.742 -351.966 4405.501
990 158.058 -78.177 4398.530
991 -41.847 -298.353 4400.655
992 -50.256 -303.163 4399.761
993 -50.459 -363.289 4405.570
994 -232.340 -333.007 4400.097
995 209.363 206.326 4399.487
996 -128.260 -422.870 4401.816
997 -63.381 -309.896 4399.992
998 -50.500 -288.419 4399.716
999 -387.673 -393.111 4392.271
1000 -76.454 -288.256 4398.113
1001 -256.486 -242.280 4400.719
1002 -63.384 -295.880 4399.007
1003 -231.890 -243.031 4402.119
1004 -230.963 -213.811 4403.407
1005 -89.421 -371.035 4403.572
1006 1.214 -348.207 4406.145
1007 -142.609 -414.101 4400.430
1008 -141.279 -370.792 4401.165
1009 -141.366 -385.694 4400.310
1010 -141.305 -310.796 4399.655
1011 -141.351 -430.564 4400.269
1012 -140.474 -323.651 4400.997
1013 40.732 -371.079 4411.172
1014 -218.811 -189.526 4397.574
1015 -141.432 -400.625 4400.370
1016 -128.346 -407.984 4400.869
1017 -102.370 -393.123 4401.637
1018 -115.388 -385.705 4401.509
1019 102.832 -277.393 4411.535
1020 -117.007 -400.719 4401.322
1021 53.499 -258.423 4404.830
1023 -296.983 -250.676 4398.828
1024 53.485 -288.108 4408.963
1025 27.582 -288.092 4406.229
1026 -167.230 -190.668 4395.887
1027 -141.425 -490.799 4399.318
1028 27.411 -332.319 4407.904
1029 40.533 -310.298 4408.062
1030 -178.678 -183.240 4395.877
1031 40.585 -295.699 4407.922
1032 66.452 -250.855 4405.294
1033 92.443 -189.761 4401.253
1034 -206.186 -303.199 4401.476
1035 -141.373 -460.589 4399.637
1036 480.228 62.820 4402.618
1037 -128.189 -468.506 4399.880
1038 13.703 -355.131 4408.298
1039 -115.316 -445.512 4403.342
1040 -303.822 -317.230 4393.758
1041 39.921 -355.974 4410.593
1042 -304.091 -228.770 4397.993
1043 184.328 -63.103 4398.566
1044 -465.034 -227.130 4392.572
1045 2.073 -393.892 4408.222
1046 288.198 -153.513 4405.233
1047 301.433 -160.588 4406.534
1048 327.563 -146.446 4406.134
1049 -452.537 -251.321 4392.878
1050 -465.999 -213.126 4392.400
1051 314.448 -153.747 4406.543
1052 314.278 -123.440 4403.941
1053 299.378 -147.060 4406.078
1054 405.343 -85.724 4403.530
1055 340.228 -138.387 4405.927
1056 158.248 -153.475 4392.324
1057 425.008 -103.887 4404.326
1058 483.273 -10.944 4402.247
1059 186.208 25.011 4398.733
1060 -349.019 -311.631 4392.757
1061 -297.054 -295.610 4396.918
1062 -193.610 -385.571 4400.057
1064 -323.171 -295.497 4396.873
1065 -323.170 -309.633 4392.880
1066 -258.063 -317.316 4398.108
1067 -141.211 -205.654 4396.492
1068 -284.259 -332.190 4394.375
1069 -335.300 -302.890 4394.869
1070 -195.850 -371.296 4401.050
1071 -206.383 -378.157 4399.832
1072 -232.029 -363.188 4398.936
1073 -323.093 -235.513 4396.671
1074 -219.643 -356.508 4399.998
1075 -37.785 -372.622 4404.978
1076 66.604 -280.639 4409.271
1077 40.536 -279.737 4406.705
1078 -50.489 -332.048 4404.512
1079 -45.948 -379.229 4404.675
1080 53.479 -273.132 4406.892
1081 53.501 -303.203 4408.899
1082 -127.330 -213.272 4396.123
1083 53.526 -318.089 4409.674
1084 79.511 -273.178 4410.184
1085 -115.443 -355.753 4401.740
1086 102.823 -318.569 4413.462
1087 79.354 -318.155 4411.278
1088 14.285 -386.396 4409.385
1089 79.795 -348.846 4413.047
1090 66.520 -264.546 4406.771
1091 92.663 -341.427 4412.913
1092 92.498 -265.668 4410.313
1093 185.658 -50.907 4398.327
1094 80.452 -363.241 4412.760
1095 53.561 -393.304 4412.020
1096 40.538 -400.724 4412.291
1097 92.511 -355.815 4413.410
1098 27.406 -363.174 4410.202
1099 27.647 -348.859 4409.288
1100 -10.939 -399.932 4406.276
1101 -180.375 -257.325 4397.468
1102 -141.312 -280.799 4397.855
1103 -206.115 -243.170 4399.252
1104 -193.367 -264.834 4399.233
1105 -179.995 -273.262 4398.753
1106 -193.291 -250.557 4398.915
1107 -167.315 -264.844 4397.590
1108 103.325 -288.599 4413.274
1109 -127.898 -273.320 4397.296
1110 -140.713 -296.523 4398.760
1111 -128.369 -318.197 4399.630
1112 -154.348 -288.288 4399.131
1113 -232.251 -392.273 4398.328
1114 -296.672 -341.162 4393.731
1115 -401.072 -174.684 4393.056
1116 -271.231 -355.191 4396.039
1117 -258.204 -393.069 4397.532
1118 -180.406 -453.032 4398.486
1119 210.343 -214.279 4407.956
1120 118.583 199.462 4401.078
1121 193.133 -214.788 4408.350
1122 196.193 109.839 4397.671
1123 494.653 14.730 4403.159
1124 -262.969 -370.245 4397.098
1125 -336.142 -288.016 4396.945
1126 516.398 27.951 4402.586
1127 236.198 -183.549 4406.159
1128 509.083 22.063 4403.470
1129 509.943 37.118 4403.339
1130 349.838 243.747 4402.379
1131 66.514 -370.775 4412.351
1132 118.793 183.368 4400.796
1133 508.203 259.382 4403.632
1134 -245.230 -385.543 4398.097
1135 131.738 191.901 4401.088
1136 -76.430 -393.222 4403.432
1137 -453.245 -221.680 4392.772
1138 -127.377 -363.317 4401.201
1139 -128.031 -348.570 4402.435
1140 -452.830 -234.407 4392.819
1141 -102.489 -408.201 4402.283
1142 -438.914 -243.149 4392.966
1143 -89.585 -414.193 4403.157
1144 -76.356 -408.066 4403.485
1145 -102.431 -423.045 4403.296
1146 -76.437 -348.217 4403.894
1147 -89.427 -354.807 4403.026
1148 -102.364 -363.160 4401.679
1149 -89.419 -400.619 4402.805
1150 -62.801 -385.781 4404.015
1151 -167.207 -475.689 4399.102
1152 -154.183 -513.079 4399.267
1153 -180.235 -498.191 4398.662
1154 40.424 -340.711 4410.461
1155 -167.252 -490.660 4398.599
1156 -427.073 -326.221 4392.640
1157 353.018 4.277 4401.084
1158 -153.936 -498.178 4398.927
1159 -167.312 -295.558 4399.350
1160 -167.432 -536.213 4398.535
1161 -154.242 -483.144 4399.145
1162 -154.232 -468.177 4398.860
1163 -180.210 -483.174 4398.876
1164 -427.034 -339.644 4391.783
1165 -37.252 -400.630 4405.333
1166 -413.772 -318.031 4393.022
1167 -180.781 -213.177 4396.204
1168 -179.184 -303.190 4400.164
1169 -465.893 -168.094 4392.711
1170 -167.356 -309.808 4400.256
1171 -464.414 -198.087 4392.605
1172 -193.443 -324.488 4404.971
1173 -490.208 -213.069 4392.408
1174 -180.328 -318.111 4403.533
1175 -479.216 -206.655 4392.975
1176 -478.959 -219.713 4392.312
1177 -479.107 -236.048 4392.462
1178 -101.656 -334.199 4402.663
1179 -102.426 -318.305 4400.351
1180 -115.433 -325.689 4402.546
1181 -91.410 -326.173 4401.515
1182 79.317 -288.288 4410.215
1183 27.120 -393.598 4411.801
1184 14.772 -414.557 4410.488
1185 -114.826 -341.816 4403.493
1186 -102.365 -348.165 4402.247
1187 14.528 -400.668 4411.133
1188 14.486 -370.948 4409.475
1189 -89.418 -339.803 4403.107
1190 -193.279 -220.719 4398.195
1191 -102.035 -228.327 4396.462
1192 -141.309 -445.503 4399.860
1193 -115.763 -416.978 4401.559
1194 -76.410 -243.298 4397.224
1195 -154.403 -408.127 4400.293
1196 -154.379 -438.165 4399.068
1197 -74.652 -422.994 4403.681
1198 -63.117 -250.372 4397.927
1199 -61.428 -427.299 4404.741
1200 -76.344 -273.312 4398.305
1201 -63.450 -279.909 4398.283
1202 -76.046 -259.095 4398.062
1203 -63.390 -265.786 4398.570
1204 64.517 -341.813 4411.952
1205 53.386 -333.384 4410.658
1206 92.403 -296.042 4412.421
1207 -89.452 -430.750 4404.060
1208 -154.276 -273.150 4397.907
1209 90.857 -310.625 4412.641
1210 91.559 -327.577 4413.034
1211 -140.807 -476.402 4399.247
1212 66.373 -325.700 4410.463
1213 196.568 198.894 4399.568
1214 -115.281 -461.450 4401.615
1215 -102.412 -438.022 4404.136
1216 103.926 -303.126 4413.169
1217 40.561 -385.766 4411.787
1218 -90.878 -459.759 4404.466
1219 -63.530 -355.673 4405.056
1220 26.332 -408.730 4412.568
1221 -102.304 -378.188 4402.440
1222 -128.373 -393.210 4400.877
1223 -76.405 -363.156 4404.343
1224 -63.397 -370.670 4405.414
1225 -128.370 -378.171 4400.709
1226 -89.499 -383.024 4403.086
1227 39.730 -327.261 4409.065
1228 14.169 -341.639 4407.144
1229 -478.934 -189.793 4392.834
1230 -452.928 -174.916 4393.461
1231 14.392 -294.984 4405.425
1232 -489.879 -183.218 4392.277
1233 -232.547 -301.643 4402.543
1234 -271.192 -340.562 4396.039
1235 -491.918 -198.071 4392.558
1236 -491.935 -228.097 4392.235
1237 -206.093 -318.176 4403.857
1238 -465.861 -183.088 4393.043
1239 -504.952 -220.655 4392.638
1240 -483.283 -176.846 4392.595
1241 -349.157 -235.583 4394.515
1242 -349.742 -249.672 4394.464
1243 -387.834 -168.201 4392.449
1244 -336.180 -273.042 4396.965
1245 -426.985 -190.521 4392.934
1246 -404.909 -159.468 4392.787
1247 -544.007 -227.928 4392.117
1248 -504.964 -174.791 4392.516
1249 -504.911 -205.551 4392.389
1250 -491.914 -168.199 4392.654
1251 -283.996 -257.313 4398.588
1252 -506.672 -190.559 4392.579
1253 -516.112 -198.017 4392.708
1254 -232.118 -288.142 4402.626
1255 -297.046 -265.621 4398.102
1256 -304.131 -272.216 4397.542
1257 -167.187 -460.677 4398.626
1258 -271.002 -295.610 4397.506
1259 -284.033 -303.152 4397.289
1260 -247.090 -311.720 4398.864
1261 119.173 -100.785 4398.943
1262 -270.996 -309.792 4397.311
1263 -180.335 -468.115 4398.609
1264 -245.053 -295.609 4399.172
1265 -245.278 -325.596 4398.961
1266 -193.136 -475.977 4398.657
1267 -271.263 -325.603 4396.838
1268 -258.037 -302.315 4398.012
1269 -428.836 -205.425 4392.523
1270 -323.090 -280.551 4397.166
1271 -413.928 -183.151 4392.779
1272 -303.665 -288.058 4397.190
1273 -438.369 -213.085 4392.872
1274 -432.065 -177.114 4392.836
1275 -297.062 -279.734 4397.732
1276 -438.238 -183.193 4392.681
1277 -270.974 -249.812 4399.385
1278 -453.734 -193.378 4392.548
1279 -439.953 -198.116 4392.397
1280 -304.235 -257.304 4397.778
1281 -245.011 -220.711 4403.931
1282 -270.981 -265.662 4398.235
1283 -271.209 -369.792 4394.260
1284 -258.026 -258.160 4399.031
1285 -257.985 -272.309 4398.381
1286 -232.046 -227.261 4402.745
1287 -284.224 -212.222 4401.300
1288 -284.205 -197.248 4401.972
1289 -245.604 -265.748 4399.123
1290 -323.095 -265.565 4397.440
1291 -303.991 -302.259 4395.912
1292 -284.127 -183.100 4400.159
1293 -193.359 -279.798 4399.858
1294 -167.351 -280.636 4398.596
1295 -180.298 -287.267 4399.199
1296 -206.331 -348.104 4403.388
1297 -193.217 -309.690 4401.775
1298 -465.735 -242.718 4392.564
1299 -230.316 -257.151 4402.068
1300 -206.385 -363.058 4400.986
1301 -219.338 -234.223 4400.041
1302 -219.929 -308.714 4402.642
1303 -218.636 -293.917 4402.300
1304 -206.190 -272.218 4399.861
1305 444.168 -18.410 4401.805
1306 171.198 -205.071 4407.247
1307 -205.974 -288.234 4400.514
1308 262.868 -153.486 4404.912
1309 457.463 -26.313 4402.194
1310 457.103 4.023 4401.842
1311 470.263 -3.430 4401.671
1312 470.228 -18.467 4402.132
1313 158.183 -198.480 4405.556
1314 168.358 -157.802 4393.002
1315 171.108 -175.053 4404.154
1316 508.108 244.323 4402.627
1317 -247.296 -281.770 4398.603
1318 92.765 -235.479 4405.984
1319 457.358 -9.863 4401.927
1320 -12.614 -370.641 4405.761
1321 79.739 -228.068 4404.139
1322 444.198 -3.482 4401.819
1323 66.733 -205.651 4402.009
1324 -258.212 -333.151 4397.694
1325 -219.323 -370.575 4399.281
1326 366.023 26.920 4401.609
1327 210.358 -48.596 4396.999
1328 -232.686 -376.826 4398.285
1329 -245.521 -341.188 4398.388
1330 -232.318 -348.105 4399.203
1331 -284.750 -104.594 4396.016
1332 -258.174 -348.040 4397.207
1333 -155.233 -425.830 4399.083
1334 -283.870 -242.305 4399.286
1335 -154.303 -393.097 4400.368
1336 -167.239 -400.609 4399.628
1337 -167.306 -370.680 4400.560
1338 -336.127 -242.240 4396.290
1339 -304.526 -243.056 4397.760
1340 -284.134 -228.113 4399.365
1341 -297.105 -235.617 4398.441
1342 -180.371 -378.103 4399.812
1343 -336.080 -258.089 4396.900
1344 -323.127 -250.569 4397.306
1345 -401.325 -401.222 4392.171
1346 -180.757 -408.370 4399.245
1347 -180.341 -393.103 4399.354
1348 -412.721 -378.128 4392.487
1349 -413.694 -288.025 4393.331
1350 -245.333 -355.576 4398.015
1351 -464.720 -288.109 4392.622
1352 -453.035 -311.278 4392.729
1353 -363.928 -301.713 4392.834
1354 -349.135 -279.799 4396.438
1355 -349.132 -295.606 4393.920
1356 -438.761 -273.108 4393.053
1357 -167.227 -505.779 4398.868
1358 -401.131 -280.929 4393.237
1359 -297.263 -324.739 4393.426
1360 -257.991 -288.170 4398.251
1361 -219.406 -340.628 4401.410
1362 -258.133 -228.163 4401.485
1363 -193.185 -505.661 4398.642
1364 -284.038 -288.164 4397.385
1365 -167.149 -519.808 4398.544
1366 -284.083 -273.154 4397.879
1367 -298.756 -222.868 4398.525
1368 -297.061 -205.486 4398.589
1369 -284.239 -318.072 4396.343
1370 -297.217 -310.572 4396.178
1371 -271.043 -280.630 4397.756
1372 -193.210 -490.618 4398.876
1373 -271.197 -235.626 4400.011
1374 -302.588 -198.873 4398.784
1375 22.189 -144.833 4397.582
1376 92.627 -160.654 4399.631
1377 322.443 -26.303 4400.767
1378 327.293 -40.917 4401.334
1379 326.943 -10.740 4400.807
1380 79.715 -183.058 4400.344
1381 314.203 -48.495 4401.486
1382 78.841 -168.337 4399.433
1383 314.023 -3.152 4400.324
1384 314.053 -18.155 4400.312
1385 314.298 -33.456 4400.889
1386 66.655 -175.532 4399.908
1387 -48.069 -186.216 4396.532
1388 -271.367 -190.625 4402.997
1389 -272.836 -207.972 4403.639
1390 -230.448 -183.022 4399.460
1391 -22.268 -171.219 4397.004
1392 -244.903 -190.593 4402.636
1393 -180.604 -333.176 4406.645
1394 328.433 33.044 4401.742
1395 79.500 -198.232 4401.718
1396 79.638 -212.994 4402.953
1397 -292.961 -188.674 4400.182
1398 -193.168 -340.555 4406.958
1399 -10.421 -219.754 4398.342
1400 1.805 -213.048 4398.868
1401 53.708 -152.262 4396.014
1402 14.577 -221.138 4398.947
1403 28.511 -168.549 4396.717
1404 1.789 -228.142 4398.681
1405 -219.997 -160.605 4394.884
1406 -40.541 -408.751 4404.449
1407 1.749 -378.163 4407.823
1408 -37.408 -385.575 4404.701
1409 313.321 192.162 4398.164
1410 -24.062 -393.089 4405.663
1411 197.223 -100.925 4400.499
1412 -10.841 -386.799 4405.797
1413 -139.235 -85.442 4394.730
1414 275.263 -85.855 4391.032
1415 404.958 49.370 4402.200
1416 185.763 -79.308 4399.252
1417 392.243 86.764 4402.975
1418 184.178 -108.481 4400.380
1419 -130.289 -89.790 4394.956
1420 249.308 -70.922 4400.588
1421 236.173 -63.299 4400.017
1422 236.073 -48.163 4400.336
1423 145.023 -85.684 4398.582
1424 288.328 -63.411 4401.330
1425 247.041 350.406 4402.193
1426 301.118 -25.766 4400.644
1427 171.048 -100.711 4399.977
1428 159.243 -108.141 4400.470
1429 171.223 -115.861 4401.020
1430 161.158 -94.163 4399.126
1431 141.478 -107.274 4399.291
1432 145.068 -116.190 4399.706
1433 158.148 -123.767 4400.597
1434 288.053 -33.176 4400.231
1435 -102.241 -197.995 4396.414
1436 288.078 -18.235 4399.977
1437 -387.932 -153.063 4392.041
1438 -361.877 -153.293 4392.454
1439 -349.809 -162.003 4392.704
1440 -375.212 -159.932 4392.030
1441 -89.135 -220.628 4394.630
1442 -335.965 -153.008 4392.083
1443 262.238 -78.405 4400.883
1444 132.093 -138.428 4399.728
1445 -257.730 -93.258 4393.253
1446 379.373 4.028 4401.566
1447 366.053 11.903 4400.654
1448 366.183 -18.419 4401.494
1449 275.253 -70.966 4401.407
1450 379.283 79.146 4402.731
1451 274.838 -41.842 4400.608
1452 405.293 109.998 4406.186
1453 417.493 55.668 4402.738
1454 430.958 7.474 4391.463
1455 311.230 208.593 4399.485
1456 366.288 71.653 4402.021
1457 431.278 49.139 4402.222
1458 184.383 -123.469 4400.832
1459 -23.109 -245.051 4398.688
1460 431.208 19.062 4391.718
1461 379.143 -10.941 4401.308
1462 275.148 -54.766 4400.413
1463 262.128 -33.125 4400.379
1464 378.978 19.357 4401.428
1465 262.763 -60.855 4400.373
1466 262.013 -48.155 4400.764
1467 132.168 -153.510 4400.308
1468 115.883 -131.882 4399.573
1469 118.948 -144.117 4399.753
1470 131.758 -124.286 4399.706
1471 144.571 214.412 4401.324
1472 142.123 -129.736 4400.592
1473 -348.913 -145.715 4392.051
1474 444.288 11.566 4391.620
1475 -124.540 -114.831 4394.767
1476 470.198 26.551 4392.208
1477 418.268 -3.442 4391.372
1478 -49.482 -214.641 4396.087
1479 -206.004 -138.135 4394.946
1480 -102.940 -498.638 4403.950
1481 197.148 -85.770 4399.999
1482 102.965 -174.449 4400.904
1483 102.545 -216.438 4405.069
1484 496.218 41.618 4393.332
1485 184.033 -93.098 4400.042
1486 14.769 -205.525 4399.188
1487 -126.954 -497.054 4400.533
1488 -324.859 -445.607 4392.434
1489 -117.307 -179.196 4395.564
1490 -324.564 -430.387 4392.025
1491 -168.434 -550.799 4398.055
1492 -310.329 -437.606 4394.353
1493 40.809 -190.617 4399.395
1494 92.677 -204.733 4403.547
1495 -309.770 -422.999 4392.546
1496 27.742 -213.077 4399.190
1497 -245.014 -175.592 4399.550
1498 -244.846 -115.633 4395.002
1499 -271.484 -97.768 4395.797
1500 -257.429 -107.981 4394.342
1501 -11.848 -193.049 4397.255
1502 -257.976 -198.018 4404.560
1503 -24.268 -202.024 4397.086
1504 196.718 181.651 4399.693
1505 -257.943 -212.972 4404.101
1506 -9.448 -458.361 4410.129
1507 -256.355 -137.926 4394.636
1508 -11.345 -235.657 4398.698
1509 -231.204 -123.203 4395.361
1510 -24.246 -228.049 4397.158
1511 -222.649 -146.009 4394.207
1512 -271.090 -175.495 4399.904
1513 249.108 -55.620 4400.183
1514 -37.171 -445.623 4407.896
1515 236.298 -78.518 4400.381
1516 92.732 -220.560 4404.649
1517 288.213 -48.451 4400.508
1518 -285.569 -89.577 4396.403
1519 301.268 -56.111 4401.499
1520 247.458 -86.217 4400.721
1521 236.393 -93.449 4400.637
1522 -76.703 -229.770 4396.461
1523 482.583 46.169 4402.834
1524 481.653 36.766 4393.253
1525 158.183 -138.449 4400.686
1526 197.143 -115.980 4400.640
1527 300.873 -39.023 4400.729
1528 -17.907 -428.947 4407.899
1529 209.361 311.920 4400.524
1530 -401.119 -310.608 4393.070
1531 400.793 92.103 4403.413
1532 -36.869 -208.097 4396.743
1533 392.063 100.911 4403.391
1534 431.208 34.060 4401.724
1535 418.208 11.531 4391.493
1536 418.033 41.800 4401.298
1537 53.818 -198.089 4399.478
1538 -202.532 -47.872 4394.203
1539 -36.579 -237.495 4397.139
1540 -116.926 -206.378 4395.086
1541 53.745 -183.142 4399.085
1542 -128.094 -198.165 4395.037
1543 145.218 -160.997 4392.153
1544 41.436 -205.950 4399.407
1545 66.285 -220.705 4403.154
1546 61.064 -235.503 4403.374
1547 27.821 -197.994 4399.048
1548 418.248 -78.497 4403.007
1549 314.023 -109.478 4403.044
1550 66.792 -190.571 4400.408
1551 419.183 85.234 4404.568
1552 -231.757 -138.603 4394.590
1553 197.148 -56.381 4398.318
1554 79.659 -243.124 4405.591
1555 327.213 -115.132 4403.769
1556 -65.090 -401.153 4403.610
1557 549.598 28.298 4403.466
1558 -100.682 -214.007 4395.262
1559 496.188 87.067 4402.269
1560 402.437 227.826 4400.072
1561 -63.246 -415.776 4404.422
1562 534.368 49.395 4401.534
1563 532.453 35.727 4402.521
1564 557.953 34.045 4402.861
1565 300.983 -68.913 4391.048
1566 535.618 62.787 4401.495
1567 544.853 42.072 4403.720
1568 519.588 12.821 4404.688
1569 519.418 -1.830 4405.371
1570 538.283 18.565 4402.875
1571 559.738 4.684 4404.533
1572 547.223 11.903 4403.104
1573 533.158 6.135 4403.042
1574 391.978 -63.284 4402.381
1575 392.458 -33.380 4391.496
1576 402.613 -56.904 4402.486
1577 431.298 -85.091 4403.106
1578 145.168 -146.000 4400.627
1579 431.313 -71.144 4402.910
1580 184.323 -228.896 4409.336
1581 392.193 -48.435 4401.822
1582 547.368 -1.272 4403.722
1583 171.063 -144.904 4391.613
1584 197.083 -145.960 4392.578
1585 262.263 -123.426 4402.329
1586 131.703 237.089 4401.219
1587 379.288 108.316 4402.606
1588 131.553 206.929 4401.093
1589 364.853 115.923 4401.819
1590 275.158 -130.995 4403.160
1591 157.733 191.977 4401.048
1592 297.101 153.301 4399.856
1593 521.558 73.926 4401.399
1594 131.678 221.914 4401.012
1595 497.173 102.883 4401.392
1596 519.483 54.736 4401.805
1597 157.538 206.912 4401.238
1598 573.413 146.880 4406.049
1599 144.643 199.509 4401.065
1600 192.718 -190.493 4405.937
1601 444.433 -48.546 4402.208
1602 184.178 -168.502 4404.220
1603 431.178 -101.007 4403.935
1604 197.168 -175.965 4404.932
1605 430.853 -57.833 4402.544
1606 184.238 -138.365 4391.783
1607 448.298 -63.313 4402.596
1608 184.073 -153.561 4392.927
1609 184.193 -183.519 4405.157
1610 404.518 -67.972 4402.386
1611 223.343 -205.404 4407.590
1612 444.183 -93.102 4403.179
1613 456.323 334.288 4404.377
1614 288.153 -108.552 4402.243
1615 313.498 87.302 4401.149
1616 484.683 7.946 4402.685
1617 274.238 288.147 4401.082
1618 443.153 341.791 4403.939
1619 404.448 -115.983 4405.800
1620 208.983 -168.899 4404.507
1621 353.273 -131.006 4405.773
1622 376.783 -116.319 4405.724
1623 416.888 160.927 4402.018
1624 197.393 -129.504 4391.546
1625 327.223 -131.005 4405.932
1626 366.203 -108.490 4404.774
1627 378.103 348.245 4401.493
1628 340.218 265.752 4400.935
1629 340.418 250.975 4401.394
1630 210.193 -183.597 4405.386
1631 249.438 -191.356 4406.779
1632 223.158 -190.932 4406.407
1633 262.658 -184.043 4406.448
1634 196.448 228.903 4399.643
1635 145.098 -190.003 4404.338
1636 508.323 49.430 4403.175
1637 326.158 243.456 4402.959
1638 573.373 116.787 4404.412
1639 132.143 -213.461 4406.253
1640 156.693 -183.682 4404.319
1641 132.253 -168.434 4391.945
1642 132.058 -198.520 4404.482
1643 141.938 -177.102 4393.709
1644 275.253 -160.985 4405.560
1645 275.228 -175.373 4406.340
1646 132.063 -183.435 4393.774
1647 275.178 -145.088 4404.081
1648 288.313 -168.680 4406.280
1649 262.318 -168.540 4405.889
1650 480.803 184.465 4401.326
1651 250.438 -161.066 4404.827
1652 239.113 -21.888 4399.408
1653 105.678 222.107 4400.941
1654 496.313 146.744 4401.628
1655 236.293 -33.429 4400.183
1656 547.753 221.535 4403.052
1657 118.653 229.493 4401.084
1658 508.378 124.433 4403.068
1659 532.598 185.412 4401.024
1660 484.393 154.170 4402.688
1661 495.393 161.264 4401.481
1662 573.338 176.883 4407.302
1663 547.188 176.861 4404.399
1664 246.318 -117.098 4392.006
1665 222.108 -133.895 4393.164
1666 551.698 147.262 4404.332
1667 261.237 357.814 4403.182
1668 170.573 79.513 4399.637
1669 209.873 -138.627 4393.101
1670 313.303 147.270 4399.947
1671 144.598 94.754 4400.492
1672 208.843 -17.904 4398.179
1673 300.348 124.872 4401.136
1674 497.128 130.342 4402.727
1675 287.958 177.193 4399.480
1676 157.488 102.387 4400.530
1677 274.438 154.708 4399.883
1678 379.108 -41.303 4391.146
1679 171.238 -131.934 4400.553
1680 558.693 15.727 4404.735
1681 353.528 -59.217 4392.307
1682 130.253 249.622 4401.554
1683 431.163 -41.179 4402.229
1684 392.118 -109.003 4405.459
1685 322.048 260.573 4401.342
1686 340.268 -123.451 4404.828
1687 366.258 -123.525 4405.354
1688 508.158 -26.887 4403.081
1689 287.418 42.293 4400.217
1690 274.538 49.762 4400.248
1691 392.108 -123.672 4405.802
1692 494.698 266.278 4403.961
1693 223.118 -161.069 4404.585
1694 210.128 -153.420 4403.480
1695 325.908 108.429 4401.292
1696 237.548 -199.416 4407.314
1697 469.218 296.727 4404.325
1698 404.323 334.286 4403.162
1699 430.273 319.303 4403.953
1700 417.258 326.830 4403.641
1701 314.238 -93.413 4401.562
1702 456.233 319.264 4404.228
1703 236.253 -153.723 4404.163
1704 131.628 131.998 4400.633
1705 158.463 -243.865 4409.877
1706 324.718 -84.531 4401.701
1707 394.428 -93.806 4404.558
1708 160.733 -225.125 4409.041
1709 171.153 -221.110 4408.975
1710 197.173 -160.046 4403.124
1711 301.223 -85.915 4391.189
1712 301.103 -100.858 4401.696
1713 327.333 -99.770 4402.284
1714 508.333 79.379 4402.041
1715 314.163 -78.484 4391.284
1716 92.753 214.492 4400.758
1717 508.393 94.338 4401.997
1718 561.223 109.291 4404.453
1719 553.583 121.603 4404.254
1720 560.293 124.313 4404.531
1721 599.213 161.920 4408.373
1722 573.363 87.832 4402.937
1723 599.323 131.875 4408.355
1724 599.353 71.912 4404.938
1725 575.743 26.778 4402.635
1726 573.143 56.738 4402.100
1727 624.618 56.637 4406.806
1728 558.048 64.265 4401.707
1729 599.273 41.919 4404.212
1730 171.288 -236.517 4409.836
1731 118.963 -115.463 4397.669
1732 184.163 -213.461 4408.275
1733 379.368 -54.565 4401.939
1734 444.073 -33.449 4402.019
1735 366.158 -63.474 4402.216
1736 344.388 237.097 4402.682
1737 171.158 -190.893 4405.350
1738 379.168 -25.840 4391.308
1739 366.208 -33.883 4390.873
1740 405.208 -40.916 4401.173
1741 418.208 -48.437 4402.056
1742 300.548 109.658 4401.560
1743 313.418 132.242 4401.264
1744 313.433 117.170 4401.305
1745 209.386 326.827 4400.350
1746 300.258 80.785 4400.595
1747 313.443 72.364 4401.274
1748 313.353 102.296 4401.396
1749 144.693 154.455 4400.676
1750 275.213 -190.996 4407.239
1751 300.393 64.824 4400.846
1752 274.378 64.602 4400.592
1753 469.148 326.887 4404.417
1754 469.373 281.982 4403.493
1755 326.983 -160.902 4406.552
1756 470.498 11.589 4402.043
1757 521.208 -18.797 4403.962
1758 351.893 93.492 4401.692
1759 430.398 364.279 4403.718
1760 391.323 341.779 4403.203
1761 380.313 63.611 4402.435
1762 274.383 125.775 4399.548
1763 261.413 87.205 4399.248
1764 402.383 303.129 4401.313
1765 469.283 356.801 4405.349
1766 275.123 -100.895 4391.333
1767 340.328 -48.971 4391.727
1768 223.263 -221.372 4408.889
1769 418.273 -93.459 4403.833
1770 447.788 117.845 4403.589
1771 341.728 -153.478 4406.233
1772 340.163 -93.445 4402.530
1773 418.168 -63.497 4402.270
1774 340.268 -33.462 4400.971
1775 351.948 -101.210 4403.995
1776 353.233 -115.963 4405.438
1777 443.973 99.553 4403.694
1778 367.808 -140.074 4405.998
1779 379.213 -101.065 4405.016
1780 351.678 -86.003 4402.813
1781 496.718 74.069 4402.603
1782 288.138 -138.126 4403.896
1783 533.868 -24.394 4403.650
1784 301.273 -130.934 4404.033
1785 471.173 115.647 4402.834
1786 119.528 139.354 4400.517
1787 472.343 127.335 4403.234
1788 236.193 -213.504 4408.721
1789 378.803 -86.051 4404.092
1790 170.558 124.568 4400.514
1791 392.378 -78.515 4402.991
1792 301.403 -117.258 4403.523
1793 292.493 -93.060 4391.573
1794 326.173 168.050 4399.698
1795 429.793 168.451 4401.870
1796 364.633 130.901 4402.090
1797 377.868 123.363 4402.539
1798 364.753 100.886 4402.335
1799 341.348 39.849 4401.377
1800 406.013 78.262 4403.628
1801 338.833 130.913 4401.183
1802 364.828 145.880 4401.752
1803 440.803 160.963 4402.681
1804 339.903 145.691 4401.087
1805 274.392 34.400 4397.942
1806 377.978 138.491 4403.008
1807 430.993 108.202 4403.775
1808 365.003 -92.579 4403.261
1809 339.443 71.562 4401.278
1810 429.908 153.470 4402.729
1811 339.783 -109.177 4404.048
1812 170.588 110.659 4400.630
1813 457.388 139.164 4403.815
1814 353.123 -69.296 4401.749
1815 418.758 102.784 4406.972
1816 366.163 -78.467 4403.300
1817 379.158 -131.108 4405.538
1818 314.293 -138.444 4405.127
1819 340.183 -63.437 4391.727
1820 455.758 201.703 4401.168
1821 431.353 125.022 4404.187
1823 325.913 78.426 4401.262
1824 118.723 154.385 4400.567
1825 339.228 85.918 4401.594
1826 507.563 -40.283 4403.012
1827 275.143 -114.494 4401.874
1828 131.668 146.798 4400.342
1829 325.863 94.681 4401.212
1830 262.108 -108.356 4391.574
1831 288.158 -123.417 4402.840
1832 326.543 154.442 4400.038
1833 171.033 -70.722 4398.467
1834 183.673 207.218 4399.867
1835 522.188 -46.749 4403.386
1836 338.498 161.877 4399.797
1837 158.273 -67.231 4398.759
1838 196.373 333.616 4400.652
1839 196.450 319.517 4400.187
1840 455.273 183.439 4401.961
1841 432.418 92.242 4403.788
1842 326.448 317.943 4401.357
1843 325.923 138.398 4401.373
1844 157.513 238.175 4401.310
1845 315.873 24.395 4400.779
1846 350.763 169.322 4399.644
1847 367.048 160.862 4399.720
1848 339.938 115.872 4401.442
1849 338.793 99.764 4401.572
1850 351.823 108.370 4401.541
1851 427.888 214.882 4400.426
1852 545.283 189.161 4403.019
1853 521.055 267.020 4404.517
1854 497.848 236.955 4401.594
1855 546.873 281.704 4406.086
1856 495.308 221.879 4400.802
1857 482.543 246.546 4401.035
1858 248.198 288.861 4401.192
1859 248.418 243.932 4399.809
1860 196.443 153.437 4399.645
1861 235.278 297.138 4401.520
1862 170.323 199.622 4400.878
1863 183.438 147.152 4400.778
1864 235.803 266.249 4401.032
1865 235.313 281.284 4401.386
1866 222.453 304.472 4401.627
1867 351.863 138.419 4401.415
1868 339.618 312.755 4401.198
1869 342.208 296.480 4401.070
1870 351.873 153.380 4400.694
1871 368.513 282.695 4401.323
1872 339.593 281.816 4400.588
1873 351.908 123.505 4401.364
1874 506.058 213.805 4400.989
1876 327.093 305.902 4401.310
1877 443.438 191.994 4400.906
1878 521.143 206.864 4401.147
1879 350.268 319.582 4401.006
1880 547.953 160.453 4404.108
1881 524.178 222.546 4402.804
1882 508.093 200.666 4401.407
1883 265.093 42.400 4397.719
1884 496.368 26.531 4403.276
1885 534.408 198.600 4402.245
1886 443.788 174.587 4402.608
1887 352.643 274.418 4402.655
1888 420.448 220.526 4400.497
1889 424.533 194.182 4400.499
1890 353.188 -40.778 4391.253
1891 495.363 191.953 4400.865
1892 481.683 168.014 4402.704
1893 145.258 -206.020 4405.791
1894 119.148 -251.157 4409.137
1895 430.413 259.287 4403.966
1896 119.188 -191.306 4394.087
1897 546.873 -33.018 4403.783
1898 145.278 -265.991 4411.475
1899 118.813 169.520 4400.792
1900 353.228 -26.094 4401.239
1901 379.213 -70.001 4402.638
1902 494.880 281.755 4404.350
1903 545.558 311.721 4405.110
1904 521.248 326.685 4405.697
1905 378.543 274.332 4404.174
1906 417.458 296.877 4403.057
1907 483.313 19.108 4402.909
1908 404.498 274.375 4403.836
1909 521.238 296.777 4404.977
1910 170.538 64.627 4399.267
1911 109.073 159.907 4400.352
1912 287.353 72.367 4400.425
1913 167.573 95.703 4399.976
1914 469.233 311.769 4404.144
1915 300.373 169.691 4399.609
1916 300.223 140.951 4400.417
1917 287.798 147.112 4400.096
1918 287.653 57.409 4400.535
1919 249.163 -130.051 4402.600
1920 191.778 -47.579 4398.717
1921 403.943 153.279 4401.636
1922 494.888 251.521 4403.660
1923 482.303 259.310 4403.133
1924 262.278 -138.387 4403.482
1925 325.923 123.468 4401.248
1926 236.278 -123.400 4392.196
1927 223.763 -141.435 4403.242
1928 236.293 -138.478 4403.055
1929 300.483 49.823 4400.738
1930 249.203 -100.219 4390.685
1931 469.373 176.670 4402.390
1932 249.188 -145.960 4403.562
1933 313.508 57.347 4401.111
1934 428.343 199.370 4400.809
1935 163.898 -63.568 4398.652
1936 274.438 79.674 4399.297
1937 508.443 230.430 4401.159
1938 299.802 231.164 4399.279
1939 470.308 146.693 4404.441
1940 404.378 -101.130 4404.922
1941 444.323 131.708 4403.646
1942 393.123 70.056 4402.558
1943 457.003 125.817 4403.735
1944 307.569 20.182 4400.336
1945 287.240 26.925 4399.086
1946 298.524 34.127 4400.060
1947 445.033 207.034 4400.931
1948 472.673 192.855 4401.169
1949 367.678 54.276 4401.963
1950 157.478 87.216 4399.988
1951 456.258 304.286 4404.014
1952 157.683 147.010 4400.841
1953 418.638 311.846 4403.220
1954 430.223 334.236 4403.985
1955 442.718 251.979 4401.951
1956 482.453 274.438 4403.914
1957 469.138 266.702 4403.663
1958 417.213 343.014 4404.030
1959 443.193 326.766 4403.929
1960 456.673 289.082 4403.942
1961 442.773 315.701 4403.826
1962 157.354 251.781 4401.447
1963 183.458 252.089 4400.358
1964 196.403 259.841 4401.171
1965 184.103 267.137 4401.209
1966 429.843 185.445 4400.844
1967 235.301 131.716 4399.002
1968 209.343 236.339 4399.949
1969 222.273 349.413 4402.202
1970 391.548 282.745 4402.634
1971 404.488 289.409 4402.023
1972 378.713 287.276 4401.496
1973 455.232 211.298 4400.870
1974 469.453 252.683 4401.445
1975 402.843 244.473 4403.447
1976 261.438 117.147 4399.735
1977 289.728 9.482 4398.422
1978 363.933 176.858 4399.150
1979 262.693 102.128 4399.452
1980 426.633 249.355 4403.704
1981 430.503 289.349 4403.565
1982 404.443 259.485 4404.202
1983 391.388 251.883 4403.210
1984 482.072 216.279 4400.387
1985 375.823 153.238 4400.135
1986 95.998 185.002 4400.490
1987 390.893 115.844 4403.861
1988 131.638 176.974 4400.895
1989 235.302 326.992 4401.938
1990 390.803 130.772 4404.042
1991 274.538 109.571 4399.602
1992 470.402 221.995 4400.993
1993 324.785 185.236 4398.677
1994 196.568 19.652 4398.507
1995 471.113 -47.820 4402.609
1996 196.378 140.155 4398.052
1997 457.078 106.634 4403.627
1998 235.538 342.344 4402.059
1999 210.163 -198.441 4407.732
2000 378.463 245.330 4402.023
2001 111.228 -106.710 4398.857
2002 559.746 -55.986 4405.128
2003 366.278 -48.426 4391.326
2004 469.358 -76.606 4402.262
2005 158.093 -213.508 4407.681
2006 145.368 -250.537 4410.137
2007 184.143 -198.434 4406.402
2008 162.293 58.168 4398.818
2009 417.453 281.852 4403.290
2010 417.508 251.730 4404.937
2011 197.283 -205.946 4407.577
2012 185.558 -244.655 4410.505
2013 365.403 266.975 4403.371
2014 132.418 -92.990 4398.689
2015 153.883 -70.212 4398.899
2016 533.063 -53.796 4403.760
2017 271.298 246.245 4400.154
2018 105.703 191.924 4400.816
2019 261.248 281.456 4401.247
2020 417.608 206.883 4400.496
2021 443.368 281.931 4403.553
2022 391.563 266.960 4403.581
2023 352.333 199.481 4399.942
2024 362.003 236.963 4402.134
2025 378.503 259.408 4403.208
2026 453.763 258.822 4402.972
2027 118.693 214.427 4400.807
2028 417.043 130.930 4404.402
2029 92.708 199.502 4400.686
2030 144.708 169.436 4400.802
2031 480.998 132.792 4402.566
2032 158.173 -258.463 4411.307
2033 261.343 267.331 4400.603
2034 171.123 -251.042 4410.496
2035 183.968 117.174 4399.069
2036 234.493 313.695 4402.039
2037 132.753 -259.289 4410.394
2038 197.233 -236.047 4409.748
2039 132.093 -243.475 4409.376
2040 145.178 -220.956 4407.776
2041 353.018 -146.116 4405.981
2042 146.293 -236.020 4409.310
2043 119.438 -265.700 4411.420
2044 113.978 -93.907 4398.935
2045 248.348 273.962 4401.001
2046 105.683 176.914 4400.650
2047 469.613 -62.482 4402.577
2048 209.433 297.260 4401.676
2049 127.198 -84.964 4398.861
2050 261.258 251.522 4400.316
2051 248.503 258.866 4400.551
2052 367.233 252.219 4401.867
2053 417.458 266.898 4403.934
2054 430.523 274.345 4403.718
2055 444.013 266.645 4403.189
2056 457.563 65.222 4402.725
2057 444.393 89.561 4403.631
2058 157.478 177.039 4400.940
2059 157.658 161.922 4400.925
2060 417.308 177.986 4401.082
2061 365.383 222.852 4401.801
2062 105.768 207.745 4400.845
2063 144.553 184.329 4400.980
2064 264.108 -5.511 4398.515
2065 352.703 232.123 4402.600
2066 403.853 138.336 4404.503
2067 131.993 161.969 4399.911
2068 352.718 261.894 4401.468
2069 353.373 214.304 4402.577
2070 393.293 296.851 4402.076
2071 391.548 236.962 4403.292
2072 430.483 304.410 4403.399
2073 261.593 72.102 4400.014
2074 417.213 356.755 4403.939
2075 222.288 319.423 4401.160
2076 274.423 94.749 4399.364
2077 404.308 349.294 4403.583
2078 456.383 274.363 4403.661
2079 443.348 371.831 4404.266
2080 119.188 -235.983 4407.840
2081 468.985 236.866 4400.059
2083 455.898 231.784 4400.639
2084 573.258 236.867 4404.814
2085 131.343 -273.583 4412.088
2086 118.388 -225.187 4406.977
2087 132.188 -228.561 4408.038
2088 520.898 236.627 4403.564
2089 470.853 206.720 4400.777
2090 455.128 168.025 4402.919
2091 547.368 251.826 4405.189
2092 495.383 -17.664 4402.849
2093 455.703 154.426 4403.579
2094 469.063 160.973 4403.884
2095 210.113 -228.435 4409.164
2096 495.183 312.782 4406.046
2097 443.613 296.911 4403.765
2098 481.643 304.286 4404.733
2099 223.333 -175.983 4405.483
2100 429.953 139.292 4404.120
2101 119.048 -281.561 4412.828
2102 444.373 145.914 4403.412
2103 183.463 132.250 4399.591
2104 507.978 -55.768 4402.620
2105 196.393 4.666 4398.642
2106 194.768 34.708 4399.030
2107 183.503 42.195 4398.457
2108 170.528 244.659 4401.137
2109 119.153 -205.911 4404.575
2110 497.708 -32.724 4402.780
2111 235.222 356.771 4401.921
2112 469.443 -32.632 4402.242
2113 144.414 259.958 4401.463
2114 572.593 -31.871 4405.247
2115 561.462 -25.509 4404.373
2116 183.443 102.255 4398.590
2117 209.943 12.125 4398.355
2118 500.071 175.778 4401.315
2119 144.433 244.646 4401.114
2120 521.198 -62.621 4403.167
2121 482.388 -40.098 4402.601
2122 521.284 178.246 4400.801
2123 495.413 -47.697 4402.587
2124 298.768 289.879 4401.074
2125 480.035 96.033 4402.843
2126 144.503 107.493 4400.440
2127 574.583 204.574 4405.498
2128 287.232 161.824 4399.756
2129 594.118 196.243 4405.201
2130 248.453 154.485 4398.623
2131 299.863 301.995 4401.184
2132 237.093 147.264 4398.898
2133 263.048 162.202 4399.032
2134 274.426 258.678 4400.347
2135 247.961 363.259 4402.486
2136 248.330 334.412 4402.485
2137 248.513 169.680 4398.476
2138 193.763 64.733 4398.385
2139 243.141 175.290 4397.745
2140 324.789 197.605 4399.001
2141 262.578 176.893 4398.297
2142 507.899 171.225 4401.202
2143 353.917 48.505 4402.203
2144 271.924 168.969 4399.175
2145 185.063 237.188 4399.814
2146 158.008 116.964 4400.708
2147 289.428 296.312 4401.041
2148 144.358 229.604 4401.200
2149 519.468 -32.583 4403.356
2150 261.608 147.296 4399.407
2151 246.763 139.999 4399.317
2152 170.428 214.661 4401.235
2153 287.538 118.266 4400.574
2154 418.482 116.668 4406.737
2155 299.997 199.101 4398.979
2156 287.503 102.218 4400.808
2157 313.610 41.859 4400.814
2158 274.358 139.693 4399.764
2159 287.428 132.165 4400.270
2160 300.268 272.871 4400.921
2161 287.478 87.304 4400.158
2162 157.548 132.159 4400.838
2163 144.548 124.691 4400.600
2164 291.493 266.588 4400.812
2165 139.778 116.579 4400.681
2166 144.613 139.738 4400.802
2167 296.683 243.634 4400.003
2168 196.373 169.988 4399.807
2169 235.327 251.086 4401.368
2170 237.545 382.755 4401.711
2171 247.839 50.227 4398.030
2172 180.230 -84.503 4400.280
2173 500.383 116.898 4401.418
2174 235.445 116.117 4399.243
2175 340.872 208.026 4402.984
2176 505.117 153.655 4401.278
2177 513.226 140.479 4402.934
2178 196.393 243.903 4399.945
2179 183.573 222.141 4399.896
2180 532.392 166.383 4400.795
2181 300.477 213.353 4399.597
2182 288.023 215.573 4399.043
2183 157.236 267.792 4401.587
2184 196.109 350.748 4401.589
2185 262.353 133.247 4399.592
2186 495.448 -61.662 4402.936
2187 482.303 -54.055 4402.706
2188 300.493 96.162 4401.438
2189 243.925 18.910 4398.561
2190 219.038 6.997 4397.777
2191 234.713 -2.765 4397.456
2192 219.154 18.313 4397.021
2193 206.529 386.979 4400.146
2194 246.061 1.770 4397.319
2195 196.488 379.329 4399.926
2196 170.548 154.652 4400.952
2197 481.872 288.384 4404.202
2198 237.358 26.779 4398.127
2199 195.397 362.528 4400.060
2200 235.567 14.466 4397.244
2201 339.832 220.562 4405.019
2202 508.068 109.435 4401.423
2203 222.297 334.310 4401.297
2205 503.108 134.891 4402.745
2206 209.494 341.756 4401.595
2207 217.607 380.833 4400.027
2208 209.191 357.264 4401.580
2209 209.347 371.779 4400.574
2210 172.968 35.407 4398.685
2211 492.888 128.292 4402.145
2212 184.303 57.120 4398.410
2213 170.398 49.587 4398.551
2214 196.312 273.540 4401.384
2215 181.933 280.015 4401.733
2216 170.391 259.161 4400.970
2217 481.098 -70.433 4402.405
2218 403.690 121.031 4405.395
2219 452.953 -63.387 4402.682
2220 404.263 199.311 4400.949
2221 170.478 275.253 4401.749
2222 444.578 -77.798 4402.923
2223 235.388 71.988 4397.492
2224 456.303 -39.197 4402.038
2225 453.228 -55.738 4402.316
2226 196.263 304.291 4400.426
2227 196.368 289.653 4401.484
2228 456.348 -85.157 4402.825
2229 170.533 169.758 4401.051
2230 170.473 229.691 4401.430
2231 183.473 192.325 4399.712
2232 232.288 -22.975 4398.413
2233 183.648 162.233 4401.036
2234 214.358 -36.929 4396.970
2235 504.022 -13.648 4403.282
2236 183.658 177.255 4400.796
2237 234.322 372.209 4404.570
2238 183.533 72.172 4397.881
2239 222.364 364.350 4402.416
2240 297.404 318.397 4401.343
2242 297.094 333.503 4401.193
2243 288.712 344.042 4400.927
2244 300.044 350.460 4401.083
2245 532.449 96.952 4401.785
2246 506.527 64.224 4402.292
2248 482.112 79.258 4403.300
2249 534.578 75.315 4401.360
2251 403.585 169.386 4400.850
2252 261.250 205.977 4398.859
2255 237.111 205.937 4398.602
2256 392.804 191.886 4400.635
2257 222.252 214.562 4399.403
2258 391.292 220.054 4399.033
2259 209.291 265.916 4401.752
2260 402.978 182.116 4400.824
2261 399.333 209.885 4400.435
2262 222.314 273.502 4401.801
2263 289.630 324.339 4401.273
2265 300.140 260.746 4400.709
2266 257.686 -8.720 4398.630
2267 209.361 -3.021 4397.941
2268 221.110 183.477 4398.041
2269 210.374 221.077 4399.578
2270 532.737 -40.882 4403.545
2271 571.712 -19.586 4403.845
2272 244.729 183.481 4397.827
2273 287.286 237.095 4399.845
2274 235.616 190.520 4398.382
2275 222.575 258.396 4401.542
2276 222.274 244.568 4401.280
2277 287.591 250.919 4400.127
2278 312.096 238.058 4399.899
2279 260.125 30.724 4397.271
2280 209.685 251.191 4401.542
2281 160.362 70.035 4399.280
2282 269.233 17.853 4397.820
2283 222.398 -14.160 4396.910
2284 195.161 79.281 4397.604
2285 223.095 168.037 4397.896
2287 182.583 15.704 4398.541
2288 211.989 41.795 4397.422
2289 194.547 93.239 4397.469
2290 209.290 57.725 4397.724
2291 268.718 -1.972 4398.769
2292 287.237 280.869 4400.691
2294 222.651 154.800 4398.228
2295 261.229 11.999 4397.532
2296 287.177 371.658 4401.101
2297 291.649 356.698 4401.323
2298 497.263 53.217 4404.185
2299 393.326 206.287 4400.974
2300 235.324 221.019 4399.178
2301 222.369 228.413 4399.797
2302 79.350 222.934 4400.622
2303 289.066 313.954 4400.907
2304 274.293 348.908 4402.736
2305 599.669 -16.509 4402.791
2306 417.194 146.571 4402.047
2307 503.316 6.760 4405.764
2308 274.171 228.372 4399.206
2309 598.737 -48.042 4405.375
2310 534.090 -9.485 4403.639
2311 209.622 163.068 4397.771
2312 222.336 109.267 4398.559
2313 222.269 197.776 4398.744
2314 247.101 124.318 4399.016
2315 626.448 -1.302 4407.443
2316 561.743 -11.361 4403.924
2317 247.980 108.827 4399.330
2318 248.194 229.576 4399.237
2319 237.083 86.873 4398.487
2320 149.756 83.780 4400.067
2321 222.313 94.415 4398.225
2322 248.217 94.256 4399.249
2323 220.346 104.247 4398.044
2324 248.307 80.351 4398.372
2325 209.276 87.769 4398.061
2326 211.191 191.063 4398.611
2327 263.992 221.077 4398.821
2328 261.207 235.980 4399.771
2329 129.528 -102.387 4396.171
2330 546.335 -48.472 4404.166
2331 547.844 -61.984 4404.753
2332 248.169 200.068 4398.876
2333 236.472 156.344 4397.863
2334 625.396 -36.488 4406.834
2335 247.837 212.617 4398.864
2336 519.978 41.855 4402.303
2337 236.507 236.050 4399.569
2338 218.563 50.363 4398.015
2339 559.925 -39.997 4404.867
2340 547.121 -16.007 4403.223
2341 573.852 -1.864 4403.659
2342 378.161 182.089 4399.931
2343 243.278 395.597 4401.133
2344 273.278 214.725 4399.224
2345 491.500 -4.766 4402.708
2346 263.828 191.076 4398.448
2347 118.414 245.106 4401.026
2348 274.658 184.404 4398.576
2349 298.365 188.378 4398.541
2351 271.351 198.065 4398.448
2352 559.310 94.185 4401.821
2353 274.426 273.283 4400.813
2354 598.930 101.928 4404.128
2355 390.714 144.594 4403.643
2356 520.974 86.927 4401.927
2357 598.888 13.107 4403.169
2359 618.936 28.815 4404.681
2360 248.412 303.430 4401.853
2361 575.922 11.297 4402.866
2362 573.116 -48.626 4408.247
2363 170.457 139.897 4400.769
2364 546.655 131.994 4403.959
2365 260.969 295.874 4401.684
2366 389.062 176.235 4399.548
2367 170.340 184.436 4401.014
2368 359.866 205.106 4400.062
2369 313.373 162.020 4399.653
2370 92.452 230.470 4400.845
2371 157.519 221.955 4401.313
2372 326.214 230.341 4404.257
2373 368.557 191.051 4399.365
2374 339.155 192.364 4398.459
2375 378.271 167.381 4399.556
2376 342.015 177.070 4399.420
2377 300.365 380.463 4401.539
2378 351.223 178.233 4398.921
2379 287.057 191.616 4398.344
2380 313.236 176.815 4399.559
2381 313.191 221.862 4401.645
2382 390.286 163.618 4400.401
2383 326.209 214.355 4402.113
2384 272.189 366.287 4403.825
2385 379.152 201.719 4399.314
2386 261.605 310.940 4401.611
2387 235.295 401.042 4401.003
2388 228.039 395.392 4400.944
2389 261.294 371.758 4402.477
2390 204.627 -70.529 4400.617
2391 261.256 326.781 4402.480
2392 248.342 319.315 4402.578
2393 273.396 336.594 4401.186
2394 85.513 205.104 4400.646
2395 261.429 342.640 4402.812
2396 209.300 281.954 4401.917
2397 235.405 102.884 4398.764
2398 274.332 317.349 4401.221
2399 222.363 289.339 4401.913
2400 274.427 303.723 4402.002
2401 212.250 71.698 4397.529
2402 221.802 65.751 4397.920
2403 237.607 57.878 4398.309
2404 219.913 79.362 4397.833
2405 245.941 64.325 4397.844
2406 245.100 34.354 4398.210
2407 218.138 136.818 4398.854
2408 236.777 41.976 4397.232
2409 262.992 56.987 4397.839
2410 105.503 236.891 4400.912
2411 222.210 36.253 4397.431
2412 209.127 146.775 4397.763
2414 222.370 125.423 4399.100
2415 222.373 139.379 4399.149
2416 209.090 116.867 4397.731
