Rotation -30 deg zeroZ 4400
1    -232.077  -48.031   4397.21   
2    -219.086  -40.531   4397.21   
3    -219.086  -55.531   4397.21   
4    -206.096  -48.031   4397.21   
5    -206.096  -33.031   4397.21   
6    -193.106  -25.531   4396.52   
7    -177.75   -16.719   4396.52   
8    -193.106  -40.531   4396.52   
9    -180.115  -33.031   4396.52   
10   -167.125  -25.531   4396.52   
11   -206.096  -63.031   4397.21   
12   -193.106  -55.531   4396.67   
13   -193.106  -70.531   4396.67   
14   -180.115  -63.031   4396.67   
15   -180.115  -78.031   4396.67   
16   -167.125  -70.531   4397.04   
17   -167.125  -85.531   4397.04   
18   -148.743  -74.918   4396.66   
19   -206.096  -93.031   4397.06   
20   -193.106  -85.531   4396.46   
21   -193.106  -100.531  4396.46   
22   -180.115  -93.031   4396.46   
23   -180.115  -108.031  4396.46   
24   -167.125  -100.531  4396.91   
25   -167.125  -115.531  4396.91   
26   -154.135  -108.031  4396.91   
27   -203.339  -123.368  4397.12   
28   -193.106  -115.531  4397.12   
29   -193.106  -130.531  4397.12   
30   -180.115  -123.031  4397.12   
31   -144.039  -105.149  4396.7    
32   -128.845  -92.605   4396.7    
33   -128.154  -108.031  4396.7    
34   -154.135  -123.031  4397.71   
35   -141.144  -115.531  4397.71   
36   -141.144  -130.531  4397.71   
37   -125.647  -121.515  4397.71   
38   -124.541  -114.829  4396.7    
39   -232.077  -78.031   4397.06   
40   -219.086  -70.531   4397.06   
41   -219.086  -85.531   4397.06   
42   -206.096  -78.031   4397.06   
43   -231.932  -108.44   4397.03   
44   -219.086  -100.531  4396.92   
45   -219.086  -115.531  4396.92   
46   -206.096  -108.031  4396.92   
47   -245.067  -100.531  4397.03   
48   -232.077  -93.031   4397.03   
49   -258.058  -123.031  4396.71   
50   -245.067  -115.531  4396.61   
51   -245.067  -130.531  4396.61   
52   -232.077  -123.031  4396.61   
53   -284.038  -138.031  4397.2    
54   -271.048  -130.531  4396.71   
55   -271.048  -145.531  4396.71   
56   -258.058  -138.031  4396.71   
57   -312.212  -152.536  4396.66   
58   -297.029  -145.531  4397.2    
59   -297.029  -160.531  4397.2    
60   -279.938  -152.615  4397.2    
61   -336      -168.031  4396.66   
62   -323.01   -160.531  4396.66   
63   -323.044  -175.685  4396.66   
64   -305.872  -167.895  4396.66   
65   -231.954  -138.244  4396.61   
66   -219.086  -130.531  4396.05   
67   -219.998  -146.042  4396.05   
68   -206.096  -138.031  4396.05   
69   -259.279  -157.443  4403.89   
70   -244.114  -146.305  4396.76   
71   -245.067  -160.531  4396.76   
72   -232.077  -153.031  4396.76   
73   -283.23   -170.349  4403.89   
74   -270.372  -161.994  4403.89   
75   -271.048  -175.531  4403.89   
76   -258.058  -168.031  4403.89   
77   -303.381  -184.31   4399.63   
78   -296.379  -176.657  4399.63   
79   -304.02   -198.031  4399.63   
80   -292.331  -188.865  4399.63   
81   -284.038  -183.031  4399.63   
82   -335.042  -199.691  4396.85   
83   -322.17   -191.986  4397.05   
84   -323.01   -205.531  4397.05   
85   -361.981  -183.031  4396.1    
86   -348.99   -175.531  4396.28   
87   -348.99   -190.531  4396.28   
88   -336      -183.031  4396.28   
89   -363.358  -217.516  4395.46   
90   -347.911  -207.401  4396.85   
91   -348.99   -220.531  4396.85   
92   -336      -213.031  4396.85   
93   -376.734  -174.449  4396.1    
94   -361.981  -168.031  4396.1    
95   -387.961  -198.031  4394.41   
96   -374.971  -190.531  4395.74   
97   -374.971  -205.531  4395.74   
98   -361.981  -198.031  4395.74   
99   -386.58   -230.423  4394.84   
100  -378.266  -214.825  4395.46   
101  -374.971  -235.531  4395.46   
102  -361.981  -228.031  4395.46   
103  -413.942  -183.031  4394.41   
104  -400.952  -175.531  4394.41   
105  -400.952  -190.531  4394.41   
106  -387.961  -183.031  4394.41   
107  -413.942  -213.031  4395.11   
108  -400.952  -205.531  4395.49   
109  -400.952  -220.531  4395.49   
110  -387.961  -213.031  4395.49   
111  -415.695  -248.043  4395.15   
112  -399.326  -236.532  4394.84   
113  -400.952  -250.531  4394.84   
114  -387.961  -243.031  4394.84   
115  -439.923  -228.031  4395.11   
116  -426.933  -220.531  4395.11   
117  -426.933  -235.531  4395.11   
118  -413.942  -228.031  4395.11   
119  -436.542  -258.82   4395.15   
120  -425.982  -251.797  4395.15   
121  -427.077  -266.338  4395.15   
122  -413.942  -258.031  4395.15   
123  -128.154  -138.031  4396.82   
124  -115.163  -130.531  4396.82   
125  -112.323  -147.154  4396.82   
126  -102.463  -138.366  4396.82   
127  -153.377  -151.608  4397.25   
128  -141.144  -145.531  4397.47   
129  -140.074  -159.019  4397.47   
130  -128.154  -153.031  4397.47   
131  -116.454  -161.276  4397.09   
132  -102.173  -153.031  4397.09   
133  -100.056  -170.063  4397.09   
134  -89.579   -160.814  4397.09   
135  -94.276   -181.155  4396.66   
136  -89.183   -175.531  4396.66   
137  -87.593   -191.891  4396.66   
138  -76.582   -183.249  4396.66   
139  -154.135  -183.031  4397.48   
140  -141.144  -175.531  4397.69   
141  -127.254  -166.122  4397.47   
142  -141.144  -190.531  4397.69   
143  -128.154  -183.031  4397.69   
144  -117.395  -179.124  4397.69   
145  -128.154  -198.031  4397.69   
146  -115.163  -190.531  4397.42   
147  -115.543  -205.954  4397.42   
148  -102.173  -198.031  4397.42   
149  -206.096  -153.031  4396.05   
150  -193.106  -145.531  4397.5    
151  -193.106  -160.531  4397.5    
152  -178.758  -153.704  4397.5    
153  -176.277  -168.031  4397.48   
154  -167.125  -160.531  4397.48   
155  -167.125  -175.531  4397.48   
156  -154.135  -168.031  4397.48   
157  -179.605  -137.722  4397.5    
158  -167.125  -130.531  4397.25   
159  -166.561  -144.592  4397.25   
160  -154.135  -138.031  4397.25   
161  -100.633  -213.92   4397.56   
162  -88.081   -207.438  4397.56   
163  -89.183   -220.531  4397.56   
164  -76.192   -213.031  4397.56   
165  -74.207   -201.63   4397.56   
166  -58.198   -192.395  4398.03   
167  -63.202   -205.531  4398.03   
168  -50.212   -198.031  4398.03   
169  -60.78    -179.717  4398.03   
170  -48.094   -186.256  4398.04   
171  -34.649   -177.735  4398.04   
172  -37.221   -190.531  4398.04   
173  -24.231   -183.031  4398.04   
174  -47.79    -172.217  4398.04   
175  -34.799   -164.717  4398.04   
176  -22.434   -170.755  4398.48   
177  -9.183    -163.14   4398.48   
178  -11.24    -175.531  4398.48   
179  1.75      -168.031  4398.48   
180  -21.809   -157.217  4398.48   
181  -8.819    -149.717  4398.48   
182  3.515     -155.819  4398.48   
183  16.758    -147.99   4398.52   
184  14.74     -160.531  4398.52   
185  27.731    -153.031  4398.52   
186  4.172     -142.217  4398.52   
187  17.162    -134.717  4398.52   
188  29.447    -140.848  4398.52   
189  42.58     -133.508  4398.62   
190  40.721    -145.531  4398.62   
191  53.712    -138.031  4398.62   
192  30.153    -127.217  4398.62   
193  43.143    -119.717  4398.62   
194  54.933    -126.452  4398.62   
195  68.579    -118.415  4398.91   
196  66.702    -130.531  4398.91   
197  79.692    -123.031  4398.91   
198  56.133    -112.217  4398.91   
199  69.124    -104.717  4398.91   
200  77.984    -104.574  4400.04   
201  94.228    -103.215  4400.04   
202  92.683    -115.531  4400.04   
203  110.341   -108.031  4400.04   
204  82.114    -97.217   4400.04   
205  95.105    -89.717   4400.04   
206  -271.048  -70.531   4397.04   
207  -259.168  -80.85    4397.04   
