Rotation -30 deg zeroZ 4400
1 -439.364 41.375 4404.378
2 -440.311 26.796 4406.825
3 -360.336 -2.726 4400.206
4 -451.583 32.764 4405.023
5 -361.929 11.769 4396.315
6 -374.068 4.148 4399.801
7 -399.201 2.592 4403.078
8 -425.686 49.643 4401.253
9 -373.642 -26.648 4403.554
10 -386.213 -3.497 4402.952
11 -372.495 -9.690 4404.369
12 -388.089 -18.076 4405.417
13 -441.148 7.950 4403.051
14 -426.820 19.589 4405.930
15 -374.720 18.941 4397.601
16 -400.022 34.301 4399.497
17 -413.211 -5.285 4403.908
18 -451.663 18.275 4402.043
19 -465.724 26.255 4401.127
20 -387.798 11.909 4400.151
21 -413.992 25.722 4402.462
22 -412.914 11.917 4403.426
23 -398.950 -11.028 4404.772
24 -413.066 41.682 4400.792
25 -346.220 -10.356 4398.198
26 -423.394 4.257 4405.610
27 -425.805 34.343 4403.648
28 -359.827 -33.533 4403.447
29 -334.663 -4.285 4396.184
30 -400.404 18.622 4401.834
31 -351.029 5.563 4396.201
32 -358.934 -19.910 4404.592
33 -386.866 26.838 4398.572
36 -167.149 -159.766 4395.253
39 -323.388 -176.492 4394.918
44 -204.514 -78.134 4394.116
46 -297.169 -160.633 4395.435
50 -322.274 -191.166 4395.551
52 -305.853 -167.942 4395.739
53 -349.173 -175.505 4394.402
57 -284.197 -137.984 4393.899
59 -167.535 -69.027 4394.446
64 -153.383 -108.094 4395.050
68 -401.833 -192.645 4392.806
77 -180.191 -78.059 4394.234
81 -193.324 -84.915 4393.817
83 -167.294 -129.908 4394.673
84 -193.330 -71.110 4394.178
86 -193.235 -54.776 4394.143
87 -167.244 -99.732 4394.316
88 -193.162 -114.822 4394.281
90 -193.747 -41.794 4394.165
91 -178.741 -123.116 4394.666
92 -179.466 -33.092 4394.785
93 -180.199 -48.101 4394.306
94 -193.525 -130.548 4394.911
96 -193.266 -160.505 4395.044
98 -206.156 -93.072 4393.843
101 -171.773 -171.333 4395.178
103 -153.422 -168.091 4395.336
104 -279.963 -152.723 4395.520
107 -220.142 -87.234 4393.802
108 -222.376 -112.438 4394.422
109 -178.642 -63.021 4394.380
110 -176.720 -153.765 4395.033
114 -167.024 -58.490 4394.523
122 -144.121 -105.168 4394.603
123 -153.216 -138.153 4395.198
125 -400.995 -204.593 4393.416
135 -335.431 -213.158 4394.947
136 -361.454 -183.107 4394.500
137 -335.098 -199.785 4395.001
139 -193.307 -144.758 4394.894
141 -193.053 -24.675 4394.455
149 -414.090 -213.009 4393.233
157 -378.368 -213.916 4393.787
159 -154.054 -93.434 4394.365
160 -386.520 -212.879 4393.273
161 -427.156 -220.388 4393.121
164 -177.991 -165.903 4395.712
166 -414.084 -227.858 4393.386
167 -295.352 -144.149 4393.571
169 -311.583 -149.979 4394.873
178 -178.589 -93.163 4393.690
179 -375.179 -205.765 4393.793
180 -204.615 -108.207 4394.104
181 -180.235 -108.192 4394.363
182 -167.780 -86.978 4394.132
183 -193.868 -101.466 4394.008
185 -386.417 -183.133 4392.859
186 -388.002 -197.218 4393.211
187 -375.051 -190.518 4393.620
188 -379.929 -173.535 4392.913
194 -361.675 -198.018 4394.577
195 -348.270 -206.084 4394.758
198 -324.718 -205.468 4395.344
201 -336.148 -168.473 4393.580
202 -317.230 -160.391 4394.577
203 -439.975 -227.845 4392.840
