zeroZ 4400
30 -526.197 -198.428 4393.005
31 -526.167 -228.439 4393.062
47 -500.247 -183.388 4392.921
48 -500.277 -213.384 4392.925
49 -500.177 -243.381 4392.865
50 -500.247 -273.372 4392.803
67 -474.267 -172.448 4393.535
68 -474.307 -198.421 4393.112
69 -474.197 -228.389 4393.001
70 -474.247 -258.394 4393.251
71 -474.247 -288.355 4393.011
72 -474.257 -318.492 4393.086
91 -448.257 -183.428 4393.438
92 -448.257 -213.433 4392.895
93 -448.317 -243.384 4393.022
94 -448.287 -273.419 4393.044
95 -448.247 -303.393 4393.088
96 -448.287 -333.372 4392.433
115 -422.207 -173.368 4393.369
116 -422.247 -198.470 4393.161
117 -422.207 -228.390 4392.460
118 -422.257 -258.457 4392.502
119 -422.387 -288.432 4392.627
120 -422.317 -318.317 4392.498
121 -422.307 -348.372 4392.768
122 -422.307 -378.372 4392.262
142 -396.287 -164.363 4393.263
143 -396.387 -183.581 4393.056
144 -396.267 -213.420 4392.842
145 -396.337 -243.413 4392.439
146 -396.307 -273.379 4392.620
147 -396.327 -303.395 4392.422
148 -396.327 -333.372 4392.336
149 -396.267 -363.424 4392.760
150 -396.327 -393.372 4392.631
171 -370.187 -178.359 4393.454
172 -370.327 -198.367 4393.095
173 -370.307 -228.452 4393.337
174 -370.347 -258.354 4393.293
175 -370.337 -288.358 4392.312
176 -370.367 -318.378 4392.006
177 -370.367 -348.361 4392.298
178 -370.337 -378.372 4392.360
179 -370.337 -408.372 4392.112
180 -370.337 -438.372 4392.350
202 -344.697 -183.771 4393.160
203 -344.277 -213.398 4393.853
204 -344.307 -243.296 4393.957
205 -344.367 -273.321 4395.600
206 -344.317 -303.412 4392.757
207 -344.247 -333.297 4392.072
208 -344.357 -363.408 4392.111
209 -344.357 -393.420 4392.208
210 -344.267 -423.488 4392.148
211 -344.307 -453.465 4391.970
233 -321.257 -168.423 4394.007
234 -318.347 -198.467 4394.404
235 -318.377 -228.372 4395.335
236 -318.307 -258.274 4395.942
237 -318.297 -288.353 4395.902
238 -318.357 -318.434 4392.457
239 -318.397 -348.396 4392.068
240 -318.417 -378.376 4391.794
241 -318.327 -408.484 4392.324
242 -318.457 -438.434 4392.710
243 -318.377 -468.419 4393.554
263 -282.397 -96.372 4394.289
265 -287.357 -153.313 4393.546
266 -299.317 -191.300 4396.979
267 -292.397 -217.372 4397.993
268 -292.287 -243.256 4396.742
269 -292.347 -273.236 4395.532
270 -292.277 -303.372 4394.767
271 -292.317 -333.301 4392.515
272 -292.387 -363.407 4392.787
273 -292.367 -393.420 4392.831
274 -292.397 -423.386 4393.956
275 -292.397 -453.358 4395.293
276 -292.357 -483.323 4395.806
296 -256.437 -73.862 4394.387
297 -266.417 -114.372 4393.717
298 -266.347 -138.362 4394.057
299 -266.377 -168.328 4397.480
300 -266.437 -201.408 4403.383
301 -266.417 -228.372 4399.407
302 -266.417 -258.372 4396.878
303 -266.327 -288.333 4396.541
304 -266.327 -318.352 4396.019
305 -266.297 -348.351 4395.221
306 -266.437 -378.365 4394.416
307 -266.387 -408.403 4395.679
308 -266.387 -438.417 4395.679
309 -266.427 -468.417 4395.998
310 -266.417 -498.372 4395.635
331 -234.457 -101.301 4394.378
332 -240.407 -123.341 4393.959
333 -240.377 -153.330 4394.109
334 -240.467 -183.380 4399.163
335 -240.437 -213.372 4402.921
336 -240.437 -243.372 4400.828
337 -240.437 -277.372 4397.702
338 -240.417 -307.342 4397.535
339 -240.427 -333.298 4397.889
340 -240.357 -363.328 4397.136
341 -240.447 -393.404 4396.493
342 -240.327 -423.387 4396.637
343 -240.437 -453.372 4396.333
344 -240.437 -483.372 4395.807
345 -240.437 -513.372 4395.652
365 -214.457 -48.322 4394.561
366 -214.467 -78.400 4394.408
367 -214.427 -108.334 4394.267
368 -213.407 -142.365 4394.039
369 -214.447 -168.308 4394.824
370 -212.407 -200.335 4396.916
371 -214.537 -228.305 4398.165
372 -212.457 -258.355 4399.099
373 -214.527 -288.322 4400.420
374 -214.457 -318.372 4403.026
375 -214.457 -348.372 4400.046
376 -214.457 -378.372 4397.053
377 -214.457 -408.372 4397.053
378 -214.457 -438.372 4396.842
379 -214.457 -468.372 4396.063
380 -214.457 -498.372 4396.080
381 -214.457 -528.372 4395.937
399 -188.527 -33.266 4393.866
400 -188.497 -63.214 4394.024
401 -188.467 -93.331 4393.809
402 -188.437 -123.275 4394.473
403 -185.377 -150.310 4394.869
404 -188.467 -183.324 4395.018
405 -190.767 -212.979 4396.036
406 -188.327 -243.314 4396.635
407 -188.477 -273.372 4397.887
408 -188.577 -303.373 4399.761
409 -188.517 -333.356 4404.859
410 -188.477 -365.372 4400.831
411 -188.477 -393.372 4398.503
412 -188.477 -423.372 4397.232
413 -188.477 -453.372 4397.203
414 -188.477 -483.372 4397.211
415 -188.477 -513.372 4396.775
416 -188.477 -543.372 4396.562
434 -162.567 -78.325 4394.390
435 -162.467 -108.269 4394.264
436 -162.437 -138.376 4394.626
437 -162.457 -168.298 4394.789
438 -162.597 -198.373 4394.438
439 -162.497 -228.372 4395.472
440 -162.497 -258.372 4395.830
441 -162.437 -288.299 4397.705
442 -162.457 -318.321 4399.750
443 -162.407 -358.371 4401.402
444 -157.467 -381.360 4399.060
445 -162.457 -408.424 4398.577
446 -162.497 -438.372 4397.670
447 -162.497 -468.386 4397.291
448 -162.497 -498.372 4397.687
449 -162.497 -528.372 4398.190
465 -130.087 -99.997 4394.116
466 -141.957 -123.293 4395.011
467 -136.517 -153.295 4394.834
468 -136.457 -183.371 4395.039
469 -136.517 -213.372 4395.569
470 -136.517 -243.372 4395.794
471 -136.517 -273.372 4396.543
472 -136.517 -303.372 4397.665
473 -132.007 -333.384 4401.380
474 -135.517 -364.372 4400.427
475 -136.517 -393.372 4399.648
476 -134.517 -418.872 4400.308
477 -136.557 -453.386 4398.630
478 -136.517 -483.372 4398.405
496 -110.937 -136.119 4394.564
497 -97.457 -161.241 4394.435
498 -110.507 -200.302 4394.773
499 -110.497 -228.349 4395.727
500 -104.427 -258.364 4396.143
501 -110.457 -288.311 4396.952
502 -110.557 -315.403 4398.567
503 -110.507 -348.304 4401.067
504 -110.537 -378.372 4400.235
505 -110.537 -408.372 4401.363
506 -110.517 -438.375 4401.988
507 -113.477 -468.374 4399.782
526 -90.837 -183.743 4392.921
527 -84.437 -213.383 4394.904
528 -84.467 -243.327 4395.832
529 -84.467 -273.309 4396.578
530 -84.507 -303.407 4398.615
531 -83.447 -329.298 4400.881
532 -89.557 -363.372 4401.844
533 -87.557 -390.372 4402.330
534 -84.577 -423.404 4403.642
535 -84.557 -449.369 4404.327
553 -61.567 -228.318 4395.960
554 -58.487 -258.249 4397.432
555 -58.497 -288.340 4398.371
556 -58.507 -318.417 4400.537
557 -58.677 -348.373 4403.900
558 -54.577 -376.372 4404.376
560 -62.997 -436.308 4404.705
579 -29.527 -213.339 4396.504
581 -40.577 -273.360 4398.680
582 -32.647 -303.318 4401.410
583 -32.587 -333.372 4404.266
584 -35.587 -363.372 4404.890
586 -32.537 -423.424 4405.897
605 -6.507 -198.331 4396.339
607 -7.567 -259.325 4399.085
608 -9.527 -285.314 4401.743
609 -9.607 -321.372 4405.123
610 -9.607 -348.372 4405.758
612 -12.527 -408.293 4406.179
614 -9.647 -466.375 4409.484
631 19.433 -183.330 4397.510
633 19.443 -243.339 4399.869
634 19.403 -273.307 4402.124
635 19.373 -303.372 4406.027
636 19.373 -333.372 4406.571
637 19.383 -363.424 4408.263
638 19.343 -393.313 4409.107
639 19.423 -423.319 4409.421
640 12.403 -453.326 4410.090
657 45.353 -168.372 4397.470
659 45.393 -228.341 4400.898
660 45.333 -258.314 4403.144
661 45.313 -288.362 4407.262
662 45.353 -318.406 4408.246
663 45.373 -348.372 4409.902
664 45.323 -378.228 4410.563
665 45.383 -408.408 4410.816
666 48.403 -438.374 4410.508
684 71.333 -153.372 4397.409
688 71.403 -273.248 4407.621
690 71.343 -337.326 4410.957
691 71.323 -361.345 4411.894
717 97.313 -258.342 4407.950
718 92.383 -288.391 4410.120
719 95.273 -320.398 4412.232
720 101.803 -346.309 4412.905
723 97.323 -438.398 4411.357
1237 -143.797 -75.306 4393.947
1222 -58.557 -198.358 4395.360
1223 -32.517 -183.332 4395.382
1224 -6.537 -168.301 4395.834
1225 19.383 -153.359 4395.869
1226 45.353 -138.347 4395.967
1227 71.423 -123.321 4396.267
1228 94.713 -109.872 4396.272
727 97.313 -558.372 4415.791
726 97.313 -528.372 4414.340
697 67.333 -543.372 4416.464
670 49.853 -560.372 4416.655
591 -32.587 -573.372 4412.092
617 97.313 -228.372 4412.467
643 19.373 -543.372 4416.219
669 49.353 -532.372 4416.154
696 71.333 -515.372 4414.567
725 101.813 -496.372 4412.198
724 95.313 -468.372 4411.651
695 71.333 -483.372 4411.503
668 45.353 -493.872 4412.411
642 19.373 -513.372 4416.354
616 -6.607 -528.372 4415.942
590 -32.587 -543.372 4410.475
564 -58.577 -558.372 4409.173
510 -105.537 -558.372 4403.769
538 -84.557 -543.372 4404.974
563 -58.677 -528.373 4408.407
589 -38.587 -521.372 4409.849
615 -6.607 -498.372 4413.855
641 19.373 -483.372 4411.779
667 40.853 -465.372 4410.620
694 62.333 -453.372 4411.066
722 97.313 -408.372 4411.669
693 71.333 -423.372 4411.119
588 -32.587 -483.372 4411.671
562 -51.577 -498.372 4409.663
537 -84.557 -508.372 4405.859
509 -110.537 -528.372 4398.623
480 -136.517 -553.372 4399.968
1236 -162.497 -558.372 4398.669
479 -130.517 -507.372 4399.895
508 -110.537 -498.372 4401.068
536 -79.557 -485.372 4405.838
561 -50.577 -461.372 4407.385
613 -7.607 -433.872 4409.500
692 71.333 -393.372 4411.007
721 97.213 -378.373 4411.958
611 -6.607 -378.372 4406.513
585 -32.587 -393.372 4405.192
559 -58.577 -408.372 4404.414
587 -28.587 -453.372 4408.547
580 -26.587 -238.372 4397.526
606 -6.607 -228.372 4397.710
632 19.373 -213.372 4398.443
658 45.353 -198.372 4398.903
685 71.333 -183.372 4398.343
686 71.333 -213.372 4401.885
687 71.333 -237.372 4403.906
689 71.333 -303.372 4409.280
713 97.313 -138.372 4397.929
714 97.313 -168.372 4399.416
715 97.313 -198.372 4402.244
716 97.313 -228.372 4404.736
