zeroZ 4400
30 -526.20 -198.43 4393.00
31 -526.17 -228.44 4393.06
47 -500.25 -183.39 4392.92
48 -500.28 -213.38 4392.92
49 -500.18 -243.38 4392.87
50 -500.25 -273.37 4392.80
67 -474.27 -172.45 4393.54
68 -474.31 -198.42 4393.11
69 -474.20 -228.39 4393.00
70 -474.25 -258.39 4393.25
71 -474.25 -288.36 4393.01
72 -474.26 -318.49 4393.09
91 -448.26 -183.43 4393.44
92 -448.26 -213.43 4392.90
93 -448.32 -243.38 4393.02
94 -448.29 -273.42 4393.04
95 -448.25 -303.39 4393.09
96 -448.29 -333.37 4392.43
115 -422.21 -173.37 4393.37
116 -422.25 -198.47 4393.16
117 -422.21 -228.39 4392.46
118 -422.26 -258.46 4392.50
119 -422.39 -288.43 4392.63
120 -422.32 -318.32 4392.50
121 -422.31 -348.37 4392.77
122 -422.31 -378.37 4392.26
142 -396.29 -164.36 4393.26
143 -396.39 -183.58 4393.06
144 -396.27 -213.42 4392.84
145 -396.34 -243.41 4392.44
146 -396.31 -273.38 4392.62
147 -396.33 -303.39 4392.42
148 -396.33 -333.37 4392.34
149 -396.27 -363.42 4392.76
150 -396.33 -393.37 4392.63
171 -370.19 -178.36 4393.45
172 -370.33 -198.37 4393.10
173 -370.31 -228.45 4393.34
174 -370.35 -258.35 4393.29
175 -370.34 -288.36 4392.31
176 -370.37 -318.38 4392.01
177 -370.37 -348.36 4392.30
178 -370.34 -378.37 4392.36
179 -370.34 -408.37 4392.11
180 -370.34 -438.37 4392.35
202 -344.70 -183.77 4393.16
203 -344.28 -213.40 4393.85
204 -344.31 -243.30 4393.96
205 -344.37 -273.32 4395.60
206 -344.32 -303.41 4392.76
207 -344.25 -333.30 4392.07
208 -344.36 -363.41 4392.11
209 -344.36 -393.42 4392.21
210 -344.27 -423.49 4392.15
211 -344.31 -453.46 4391.97
233 -321.26 -168.42 4394.01
234 -318.35 -198.47 4394.40
235 -318.38 -228.37 4395.33
236 -318.31 -258.27 4395.94
237 -318.30 -288.35 4395.90
238 -318.36 -318.43 4392.46
239 -318.40 -348.40 4392.07
240 -318.42 -378.38 4391.79
241 -318.33 -408.48 4392.32
242 -318.46 -438.43 4392.71
243 -318.38 -468.42 4393.55
263 -282.40 -96.37 4394.29
265 -287.36 -153.31 4393.55
266 -299.32 -191.30 4396.98
267 -292.40 -217.37 4397.99
268 -292.29 -243.26 4396.74
269 -292.35 -273.24 4395.53
270 -292.28 -303.37 4394.77
271 -292.32 -333.30 4392.52
272 -292.39 -363.41 4392.79
273 -292.37 -393.42 4392.83
274 -292.40 -423.39 4393.96
275 -292.40 -453.36 4395.29
276 -292.36 -483.32 4395.81
296 -256.44 -73.86 4394.39
297 -266.42 -114.37 4393.72
298 -266.35 -138.36 4394.06
299 -266.38 -168.33 4397.48
300 -266.44 -201.41 4403.38
301 -266.42 -228.37 4399.41
302 -266.42 -258.37 4396.88
303 -266.33 -288.33 4396.54
304 -266.33 -318.35 4396.02
305 -266.30 -348.35 4395.22
306 -266.44 -378.36 4394.42
307 -266.39 -408.40 4395.68
308 -266.39 -438.42 4395.68
309 -266.43 -468.42 4396.00
310 -266.42 -498.37 4395.63
331 -234.46 -101.30 4394.38
332 -240.41 -123.34 4393.96
333 -240.38 -153.33 4394.11
334 -240.47 -183.38 4399.16
335 -240.44 -213.37 4402.92
336 -240.44 -243.37 4400.83
337 -240.44 -277.37 4397.70
338 -240.42 -307.34 4397.54
339 -240.43 -333.30 4397.89
340 -240.36 -363.33 4397.14
341 -240.45 -393.40 4396.49
342 -240.33 -423.39 4396.64
343 -240.44 -453.37 4396.33
344 -240.44 -483.37 4395.81
345 -240.44 -513.37 4395.65
365 -214.46 -48.32 4394.56
366 -214.47 -78.40 4394.41
367 -214.43 -108.33 4394.27
368 -213.41 -142.37 4394.04
369 -214.45 -168.31 4394.82
370 -212.41 -200.34 4396.92
371 -214.54 -228.30 4398.17
372 -212.46 -258.36 4399.10
373 -214.53 -288.32 4400.42
374 -214.46 -318.37 4403.03
375 -214.46 -348.37 4400.05
376 -214.46 -378.37 4397.05
377 -214.46 -408.37 4397.05
378 -214.46 -438.37 4396.84
379 -214.46 -468.37 4396.06
380 -214.46 -498.37 4396.08
381 -214.46 -528.37 4395.94
399 -188.53 -33.27 4393.87
400 -188.50 -63.21 4394.02
401 -188.47 -93.33 4393.81
402 -188.44 -123.28 4394.47
403 -185.38 -150.31 4394.87
404 -188.47 -183.32 4395.02
405 -190.77 -212.98 4396.04
406 -188.33 -243.31 4396.63
407 -188.48 -273.37 4397.89
408 -188.58 -303.37 4399.76
409 -188.52 -333.36 4404.86
410 -188.48 -365.37 4400.83
411 -188.48 -393.37 4398.50
412 -188.48 -423.37 4397.23
413 -188.48 -453.37 4397.20
414 -188.48 -483.37 4397.21
415 -188.48 -513.37 4396.77
416 -188.48 -543.37 4396.56
434 -162.57 -78.32 4394.39
435 -162.47 -108.27 4394.26
436 -162.44 -138.38 4394.63
437 -162.46 -168.30 4394.79
438 -162.60 -198.37 4394.44
439 -162.50 -228.37 4395.47
440 -162.50 -258.37 4395.83
441 -162.44 -288.30 4397.71
442 -162.46 -318.32 4399.75
443 -162.41 -358.37 4401.40
444 -157.47 -381.36 4399.06
445 -162.46 -408.42 4398.58
446 -162.50 -438.37 4397.67
447 -162.50 -468.39 4397.29
448 -162.50 -498.37 4397.69
449 -162.50 -528.37 4398.19
465 -130.09 -100.00 4394.12
466 -141.96 -123.29 4395.01
467 -136.52 -153.29 4394.83
468 -136.46 -183.37 4395.04
469 -136.52 -213.37 4395.57
470 -136.52 -243.37 4395.79
471 -136.52 -273.37 4396.54
472 -136.52 -303.37 4397.67
473 -132.01 -333.38 4401.38
474 -135.52 -364.37 4400.43
475 -136.52 -393.37 4399.65
476 -134.52 -418.87 4400.31
477 -136.56 -453.39 4398.63
478 -136.52 -483.37 4398.40
479 -130.52 -507.37 4399.90
480 -136.52 -553.37 4399.97
496 -110.94 -136.12 4394.56
497 -97.46 -161.24 4394.44
498 -110.51 -200.30 4394.77
499 -110.50 -228.35 4395.73
500 -104.43 -258.36 4396.14
501 -110.46 -288.31 4396.95
502 -110.56 -315.40 4398.57
503 -110.51 -348.30 4401.07
504 -110.54 -378.37 4400.23
505 -110.54 -408.37 4401.36
506 -110.52 -438.38 4401.99
507 -113.48 -468.37 4399.78
508 -110.54 -498.37 4401.07
509 -110.54 -528.37 4398.62
510 -105.54 -558.37 4403.77
526 -90.84 -183.74 4392.92
527 -84.44 -213.38 4394.90
528 -84.47 -243.33 4395.83
529 -84.47 -273.31 4396.58
530 -84.51 -303.41 4398.62
531 -83.45 -329.30 4400.88
532 -89.56 -363.37 4401.84
533 -87.56 -390.37 4402.33
534 -84.58 -423.40 4403.64
535 -84.56 -449.37 4404.33
536 -79.56 -485.37 4405.84
537 -84.56 -508.37 4405.86
538 -84.56 -543.37 4404.97
553 -61.57 -228.32 4395.96
554 -58.49 -258.25 4397.43
555 -58.50 -288.34 4398.37
556 -58.51 -318.42 4400.54
557 -58.68 -348.37 4403.90
558 -54.58 -376.37 4404.38
559 -58.58 -408.37 4404.41
560 -63.00 -436.31 4404.71
561 -50.58 -461.37 4407.38
562 -51.58 -498.37 4409.66
563 -58.68 -528.37 4408.41
564 -58.58 -558.37 4409.17
579 -29.53 -213.34 4396.50
580 -26.59 -238.37 4397.53
581 -40.58 -273.36 4398.68
582 -32.65 -303.32 4401.41
583 -32.59 -333.37 4404.27
584 -35.59 -363.37 4404.89
585 -32.59 -393.37 4405.19
586 -32.54 -423.42 4405.90
587 -28.59 -453.37 4408.55
588 -32.59 -483.37 4411.67
589 -38.59 -521.37 4409.85
590 -32.59 -543.37 4410.48
591 -32.59 -573.37 4412.09
605 -6.51 -198.33 4396.34
606 -6.61 -228.37 4397.71
607 -7.57 -259.33 4399.08
608 -9.53 -285.31 4401.74
609 -9.61 -321.37 4405.12
610 -9.61 -348.37 4405.76
611 -6.61 -378.37 4406.51
612 -12.53 -408.29 4406.18
613 -7.61 -433.87 4409.50
614 -9.65 -466.38 4409.48
615 -6.61 -498.37 4413.85
616 -6.61 -528.37 4415.94
617 97.31 -228.37 4412.47
631 19.43 -183.33 4397.51
632 19.37 -213.37 4398.44
633 19.44 -243.34 4399.87
634 19.40 -273.31 4402.12
635 19.37 -303.37 4406.03
636 19.37 -333.37 4406.57
637 19.38 -363.42 4408.26
638 19.34 -393.31 4409.11
639 19.42 -423.32 4409.42
640 12.40 -453.33 4410.09
641 19.37 -483.37 4411.78
642 19.37 -513.37 4416.35
643 19.37 -543.37 4416.22
657 45.35 -168.37 4397.47
658 45.35 -198.37 4398.90
659 45.39 -228.34 4400.90
660 45.33 -258.31 4403.14
661 45.31 -288.36 4407.26
662 45.35 -318.41 4408.25
663 45.37 -348.37 4409.90
664 45.32 -378.23 4410.56
665 45.38 -408.41 4410.82
666 48.40 -438.37 4410.51
667 40.85 -465.37 4410.62
668 45.35 -493.87 4412.41
669 49.35 -532.37 4416.15
670 49.85 -560.37 4416.65
684 71.33 -153.37 4397.41
685 71.33 -183.37 4398.34
686 71.33 -213.37 4401.88
687 71.33 -237.37 4403.91
688 71.40 -273.25 4407.62
689 71.33 -303.37 4409.28
690 71.34 -337.33 4410.96
691 71.32 -361.35 4411.89
692 71.33 -393.37 4411.01
693 71.33 -423.37 4411.12
694 62.33 -453.37 4411.07
695 71.33 -483.37 4411.50
696 71.33 -515.37 4414.57
697 67.33 -543.37 4416.46
710 97.28 221.68 4398.04
711 97.59 191.47 4397.94
712 108.99 167.19 4397.41
713 97.31 -138.37 4397.93
714 97.31 -168.37 4399.42
715 97.31 -198.37 4402.24
716 97.31 -228.37 4404.74
717 97.31 -258.34 4407.95
718 92.38 -288.39 4410.12
719 95.27 -320.40 4412.23
720 101.80 -346.31 4412.90
721 97.21 -378.37 4411.96
722 97.31 -408.37 4411.67
723 97.32 -438.40 4411.36
724 95.31 -468.37 4411.65
725 101.81 -496.37 4412.20
726 97.31 -528.37 4414.34
727 97.31 -558.37 4415.79
738 123.07 236.86 4399.59
739 123.28 206.71 4399.09
740 123.55 176.60 4398.96
741 123.36 146.80 4396.63
743 123.29 -127.37 4398.69
744 119.38 -153.35 4399.44
745 119.29 -183.37 4401.98
746 119.29 -217.37 4405.05
747 123.29 -243.37 4407.48
748 123.29 -273.37 4410.65
768 149.39 251.75 4399.58
769 149.34 221.71 4399.22
770 149.38 191.62 4399.08
771 149.14 161.73 4398.67
772 149.47 131.49 4397.95
773 149.32 101.58 4397.82
775 151.27 -108.37 4398.63
776 149.40 -134.23 4399.94
777 149.27 -172.37 4402.51
778 149.27 -198.37 4404.35
779 153.77 -230.37 4407.78
780 149.27 -258.37 4409.78
800 175.16 266.63 4400.12
801 175.23 236.34 4399.36
802 175.21 206.50 4398.74
803 175.22 175.98 4398.93
804 175.27 146.40 4398.88
805 175.09 116.76 4398.51
806 175.53 86.40 4397.70
807 175.51 56.72 4397.38
808 181.58 29.86 4396.99
809 175.40 -93.31 4398.80
810 175.33 -123.19 4400.32
811 175.25 -153.37 4402.12
812 175.25 -183.37 4404.13
813 175.25 -213.37 4406.89
814 179.25 -239.37 4408.85
828 201.80 431.36 4400.30
829 201.77 401.45 4401.09
830 200.68 370.54 4399.54
831 201.17 340.26 4399.48
832 201.43 311.72 4399.35
833 201.31 281.57 4399.53
834 201.26 251.68 4399.60
835 201.19 221.74 4399.03
836 201.24 191.64 4398.86
837 196.28 161.65 4398.48
838 209.31 131.63 4400.39
839 209.94 101.34 4398.82
840 201.49 71.31 4398.78
841 201.30 41.48 4398.77
842 201.34 11.42 4397.59
843 201.33 -9.36 4397.48
844 201.37 -78.26 4398.58
845 201.23 -108.17 4399.57
846 201.23 -138.37 4401.38
847 201.23 -168.37 4403.04
848 201.23 -191.37 4405.53
849 201.23 -224.37 4408.28
862 229.73 448.33 4402.53
863 227.68 416.48 4401.65
864 227.33 374.64 4400.00
865 227.06 356.59 4399.80
866 227.35 326.59 4400.04
867 227.04 296.52 4399.58
868 227.59 266.36 4399.65
869 227.64 236.47 4399.44
870 227.66 206.42 4399.40
871 231.50 179.26 4399.51
872 227.31 146.62 4398.47
873 231.18 123.62 4398.46
874 227.49 86.43 4398.27
875 227.46 56.40 4398.83
876 227.50 26.33 4398.81
877 219.11 -3.14 4398.56
878 227.21 -33.37 4398.09
879 227.33 -63.22 4399.43
880 227.21 -93.37 4399.83
881 224.21 -126.37 4401.06
882 224.21 -149.37 4402.59
883 227.21 -183.37 4404.74
884 227.21 -213.37 4407.29
896 253.47 461.44 4402.70
897 253.53 431.49 4401.84
898 253.56 401.48 4401.62
899 253.33 371.66 4401.11
900 253.29 345.74 4400.69
901 253.38 311.72 4400.45
902 253.30 281.76 4399.64
903 253.20 251.27 4399.34
904 253.55 221.53 4399.62
905 253.59 191.33 4399.54
906 253.74 161.37 4398.88
907 253.19 131.63 4398.87
908 254.19 101.63 4398.75
909 253.19 71.63 4398.71
910 253.54 41.37 4399.16
911 253.19 20.63 4399.08
912 253.19 -18.37 4398.80
913 253.41 -48.28 4399.25
914 253.37 -78.34 4399.69
915 253.19 -112.87 4400.35
916 253.19 -138.37 4402.35
917 253.19 -168.37 4404.52
918 257.69 -196.37 4406.85
929 279.17 476.62 4402.60
930 285.38 446.74 4402.25
931 279.04 416.74 4401.76
932 279.21 386.71 4401.81
933 281.04 355.41 4401.67
934 279.17 326.63 4402.18
935 279.28 296.68 4401.44
936 282.16 266.70 4400.24
937 286.31 226.71 4400.39
938 279.64 206.30 4399.77
939 279.43 174.38 4398.94
940 279.56 146.51 4398.89
941 279.17 116.63 4398.92
942 279.17 86.63 4398.90
943 279.41 56.24 4399.08
944 279.17 22.63 4399.20
945 279.17 -3.37 4398.84
946 276.34 -33.26 4399.28
947 279.28 -63.26 4400.02
948 284.17 -93.37 4399.99
949 279.17 -123.37 4401.73
950 279.17 -153.37 4403.69
951 279.17 -183.37 4406.08
962 305.30 461.57 4402.64
963 308.07 435.68 4401.96
964 305.10 401.68 4402.02
965 305.09 371.66 4401.79
966 305.30 341.70 4401.91
967 305.37 311.77 4401.94
968 305.22 281.86 4401.58
969 305.12 251.70 4401.29
970 305.46 222.18 4399.98
971 305.28 181.21 4399.32
972 305.74 157.32 4399.06
973 305.45 131.43 4399.05
974 305.15 101.63 4399.89
975 305.15 71.63 4399.62
976 305.15 41.63 4399.54
977 305.15 11.63 4399.27
978 305.38 -18.32 4399.35
979 305.34 -48.34 4400.51
980 305.15 -78.37 4400.40
981 296.15 -108.37 4400.93
982 305.15 -142.87 4404.30
983 305.15 -168.37 4405.87
994 331.09 446.76 4401.53
995 328.00 422.68 4402.15
997 335.28 356.58 4402.05
998 331.25 326.63 4401.91
999 331.15 296.73 4401.81
1000 331.18 256.67 4401.64
1001 335.14 236.63 4400.98
1002 322.33 206.41 4399.71
1005 331.14 116.63 4399.57
1006 331.14 86.63 4399.45
1007 331.14 56.63 4399.44
1008 331.14 26.63 4399.63
1009 331.27 -3.24 4399.92
1010 331.32 -25.32 4399.85
1011 331.14 -60.37 4400.18
1012 331.14 -90.37 4401.04
1013 331.14 -123.37 4403.49
1014 333.14 -155.37 4405.43
1025 357.23 431.59 4402.39
1026 363.26 401.55 4402.04
1027 362.22 371.74 4401.93
1028 357.16 341.78 4401.67
1029 357.18 311.65 4401.82
1032 352.12 224.63 4400.54
1035 357.12 131.63 4399.88
1036 357.12 101.63 4400.39
1037 357.12 71.63 4399.83
1038 357.12 41.63 4400.61
1039 357.13 11.68 4399.67
1040 357.21 -18.14 4400.37
1041 352.12 -51.37 4400.22
1042 360.12 -83.37 4401.62
1043 357.12 -108.37 4403.73
1044 361.62 -134.37 4405.12
1055 383.32 416.71 4402.37
1056 382.99 388.92 4402.02
1057 383.31 356.61 4402.05
1058 383.18 326.71 4402.00
1059 383.32 296.73 4402.04
1060 383.10 266.63 4401.30
1061 383.10 236.63 4401.30
1064 383.10 146.63 4401.43
1065 383.10 116.63 4401.54
1066 383.10 86.63 4401.10
1067 383.10 56.63 4400.70
1068 383.19 26.76 4400.47
1069 383.83 -3.71 4400.41
1070 383.10 -33.37 4400.43
1071 382.10 -62.37 4401.19
1072 385.10 -91.37 4403.47
1073 383.10 -120.37 4404.25
1084 409.07 401.76 4402.35
1085 409.09 371.80 4402.04
1088 409.08 281.63 4401.33
1089 409.08 251.63 4402.97
1090 409.35 216.56 4401.29
1091 414.25 189.64 4401.33
1094 407.08 99.63 4403.16
1095 409.08 71.63 4401.89
1096 409.15 41.94 4400.59
1097 409.33 11.94 4400.59
1099 409.08 -51.37 4401.25
1100 409.08 -75.37 4401.83
1101 417.08 -108.37 4403.54
1112 435.06 356.63 4402.78
1113 435.06 326.63 4401.71
1114 435.06 296.63 4401.64
1115 435.06 266.63 4402.05
1116 431.06 243.63 4401.57
1117 435.06 206.63 4400.88
1118 435.06 176.63 4402.28
1119 435.06 146.63 4401.75
1120 439.06 116.63 4402.37
1121 442.06 83.63 4401.12
1122 447.22 59.75 4400.82
1123 435.25 26.83 4400.67
1124 435.06 -0.37 4400.92
1125 434.96 -33.37 4401.25
1126 439.06 -63.37 4401.74
1127 435.06 -93.37 4402.43
1137 461.04 341.63 4402.52
1138 461.04 311.63 4401.86
1139 461.04 281.63 4401.69
1140 461.04 260.63 4401.49
1141 461.13 221.84 4401.83
1142 461.04 191.63 4402.00
1143 461.04 161.63 4401.98
1144 468.04 134.63 4402.12
1145 461.04 97.13 4402.38
1146 461.62 71.73 4401.23
1147 461.24 41.67 4401.01
1148 461.04 11.63 4401.06
1149 461.04 -18.37 4401.33
1150 461.04 -48.37 4402.05
1151 458.04 -74.37 4402.26
1161 487.02 296.63 4402.35
1162 487.02 266.63 4401.95
1163 487.23 236.64 4401.84
1164 482.09 204.93 4401.77
1165 490.25 180.92 4401.81
1166 484.02 142.63 4402.31
1167 487.02 119.63 4402.36
1168 484.02 86.63 4401.31
1169 485.20 54.81 4401.84
1170 487.02 31.13 4401.50
1171 481.02 0.63 4401.38
1172 489.02 -32.37 4401.74
1173 486.02 -62.37 4402.20
1182 513.00 251.63 4401.75
1183 513.00 221.63 4401.91
1184 513.16 191.66 4402.07
1185 513.00 161.63 4402.29
1186 513.00 131.63 4402.63
1187 515.00 101.63 4402.59
1200 538.98 206.63 4402.55
1201 538.98 176.63 4402.53
1203 546.98 116.63 4402.71
1204 532.98 86.63 4402.57
1214 564.96 101.63 4402.21
1215 564.96 71.63 4402.76
1216 574.96 46.13 4402.84
1222 -58.56 -198.36 4395.36
1223 -32.52 -183.33 4395.38
1224 -6.54 -168.30 4395.83
1225 19.38 -153.36 4395.87
1226 45.35 -138.35 4395.97
1227 71.42 -123.32 4396.27
1228 94.71 -109.87 4396.27
1229 123.29 -93.37 4398.12
1230 149.27 -78.37 4397.44
1231 175.25 -63.37 4397.55
1236 -162.50 -558.37 4398.67
1237 -143.80 -75.31 4393.95
