zeroZ 4400
30 -526.197 -198.428 4393.005
31 -526.167 -228.439 4393.062
47 -500.247 -183.388 4392.921
48 -500.277 -213.384 4392.925
49 -500.177 -243.381 4392.865
50 -500.246 -273.372 4394.073
67 -474.267 -172.448 4393.535
68 -474.307 -198.421 4393.112
69 -474.197 -228.389 4393.001
70 -474.247 -258.394 4393.251
71 -474.247 -288.355 4393.011
72 -474.257 -318.492 4393.136
94 -448.287 -273.419 4393.044
95 -448.247 -303.393 4393.088
96 -448.284 -333.372 4393.706
119 -422.387 -288.432 4392.627
120 -422.317 -318.317 4392.498
121 -422.303 -348.372 4394.067
122 -422.303 -378.372 4393.541
147 -396.327 -303.395 4392.422
148 -396.323 -333.372 4393.518
150 -396.323 -393.372 4393.928
176 -370.367 -318.378 4392.006
177 -370.367 -348.361 4392.298
178 -370.342 -378.372 4393.557
179 -370.342 -408.372 4393.341
207 -344.247 -333.297 4392.072
208 -344.357 -363.408 4392.111
210 -344.267 -423.488 4392.148
211 -344.307 -453.465 4391.970
237 -318.297 -288.353 4395.932
238 -318.357 -318.434 4392.477
239 -318.397 -348.396 4392.068
240 -318.417 -378.376 4391.794
241 -318.327 -408.484 4392.374
243 -318.377 -468.419 4393.534
270 -292.277 -303.372 4394.767
271 -292.317 -333.301 4392.545
272 -292.387 -363.407 4392.817
273 -292.367 -393.420 4392.831
274 -292.397 -423.386 4393.986
275 -292.397 -453.358 4395.303
305 -266.297 -348.351 4395.221
306 -266.437 -378.365 4394.441
307 -266.387 -408.403 4395.709
308 -266.387 -438.417 4395.674
309 -266.427 -468.417 4396.008
310 -266.419 -498.372 4396.968
341 -240.447 -393.404 4396.493
342 -240.327 -423.387 4396.647
343 -240.438 -453.372 4397.574
344 -240.438 -483.372 4397.068
345 -240.438 -513.372 4396.920
366 -214.467 -78.400 4394.408
367 -214.427 -108.334 4394.392
377 -214.457 -408.372 4398.373
378 -214.457 -438.372 4398.072
379 -214.457 -468.372 4397.294
380 -214.457 -498.372 4397.292
381 -214.457 -528.372 4397.199
399 -188.527 -33.266 4393.991
400 -188.497 -63.214 4394.149
401 -188.467 -93.331 4393.934
402 -188.437 -123.275 4394.598
412 -188.477 -423.372 4398.439
413 -188.477 -453.372 4398.494
414 -188.477 -483.372 4398.442
415 -188.477 -513.372 4398.063
416 -188.477 -543.372 4397.816
434 -162.567 -78.325 4394.515
435 -162.467 -108.269 4394.304
436 -162.437 -138.376 4394.626
437 -162.457 -168.298 4394.789
441 -162.437 -288.299 4397.705
446 -162.496 -438.372 4398.963
447 -162.497 -468.386 4397.426
448 -162.496 -498.372 4398.984
449 -162.496 -528.372 4399.517
503 -110.507 -348.304 4401.097
