zeroZ 4400
296        -256.437        -73.862      4395.04        
331        -234.457       -101.301      4395.03        
399        -188.527        -33.266      4394.52        
365        -214.457        -48.322      4395.21        
400        -188.497        -63.214      4394.67        
366        -214.467        -78.400      4395.06        
367        -214.427       -108.334      4394.92        
401        -188.467        -93.331      4394.46        
434        -162.567        -78.325      4395.04        
435        -162.467       -108.269      4394.91        
402        -188.437       -123.275      4395.12        
436        -162.437       -138.376      4395.25        
467        -136.517       -153.295      4395.47        
466        -141.957       -123.293      4395.71        
1237       -143.797        -75.306      4394.66        
465        -130.087        -99.997      4394.7         
496        -110.937       -136.119      4394.82        
497         -97.457       -161.241      4395.09        
526         -90.837       -183.743      4394.66        
437        -162.457       -168.298      4395.48        
403        -185.377       -150.310      4395.5         
368        -213.407       -142.365      4394.05        
332        -240.407       -123.341      4394.61        
333        -240.377       -153.330      4394.76        
298        -266.347       -138.362      4394.71        
299        -266.377       -168.328      4401.89        
265        -287.357       -153.313      4395.2         
266        -299.317       -191.300      4397.63        
233        -321.257       -168.423      4394.66        
234        -318.347       -198.467      4395.05        
203        -344.277       -213.398      4394.85        
202        -344.697       -183.771      4394.28        
171        -370.187       -178.359      4394.1         
172        -370.327       -198.367      4393.74        
173        -370.307       -228.452      4393.46        
144        -396.267       -213.420      4393.49        
117        -422.207       -228.390      4393.11        
118        -422.257       -258.457      4393.15        
143        -396.387       -183.581      4392.41        
145        -396.337       -243.413      4392.84        
468        -136.457       -183.371      4395.69        
498        -110.507       -200.302      4395.42        
527         -84.437       -213.383      4395.56        
1222        -58.557       -198.358      4396.03        
1223        -32.517       -183.332      4396.04        
1224         -6.537       -168.301      4396.48        
1225         19.383       -153.359      4396.52        
1226         45.353       -138.347      4396.62        
1227         71.423       -123.321      4396.91        
1228         97.312       -108.372      4398.04        
