 x: -695 1000 -1000
 x: -685 1000 -1000
 x: -675 1000 -1000
 x: -665 1000 -1000
 x: -655 1000 -1000
 x: -645 -53 51
 x: -635 -53 51
 x: -625 -131 128
 x: -615 -131 154
 x: -605 -131 206
 x: -595 -105 232
 x: -585 -104 258
 x: -575 -117 258
 x: -565 -117 284
 x: -555 -117 310
 x: -545 -105 310
 x: -535 -105 336
 x: -525 -105 362
 x: -515 -107 362
 x: -505 -107 387
 x: -495 -107 387
 x: -485 -105 414
 x: -475 -105 414
 x: -465 -105 414
 x: -455 -106 414
 x: -445 -106 440
 x: -435 -106 466
 x: -425 -104 466
 x: -415 -104 466
 x: -405 -104 466
 x: -395 -104 466
 x: -385 -104 491
 x: -375 -102 491
 x: -365 -104 491
 x: -355 -104 492
 x: -345 -104 517
 x: -335 -104 517
 x: -325 -104 544
 x: -315 -103 544
 x: -305 -103 544
 x: -295 -103 544
 x: -285 -103 544
 x: -275 -103 544
 x: -265 -104 543
 x: -255 -104 569
 x: -245 -104 569
 x: -235 -104 569
 x: -225 -104 544
 x: -215 -103 544
 x: -205 -103 531
 x: -195 -103 531
 x: -185 -102 531
 x: -175 -102 531
 x: -165 -102 504
 x: -155 -102 491
 x: -145 -102 413
 x: -135 -102 311
 x: -125 -100 284
 x: -115 -101 284
 x: -105 -101 284
 x: -95 -101 285
 x: -85 130 285
 x: -75 130 285
 x: -65 167 245
 x: -55 167 233
 x: -45 167 219
 x: -35 179 202
 x: -25 179 193
 x: -15 193 193
 x: -5 1000 -1000
 x: 5 1000 -1000
 x: 15 1000 -1000
 x: 25 1000 -1000
 x: 35 1000 -1000
 x: 45 1000 -1000
 x: 55 1000 -1000
 x: 65 1000 -1000
 x: 75 1000 -1000
 x: 85 1000 -1000
 x: 95 1000 -1000
 x: 105 1000 -1000
 x: 115 1000 -1000
 x: 125 1000 -1000
 x: 135 1000 -1000
 x: 145 1000 -1000
 x: 155 1000 -1000
 x: 165 1000 -1000
 x: 175 1000 -1000
 x: 185 1000 -1000
 x: 195 1000 -1000
 x: 205 1000 -1000
 x: 215 1000 -1000
 x: 225 1000 -1000
 x: 235 1000 -1000
 x: 245 1000 -1000
 x: 255 1000 -1000
 x: 265 1000 -1000
 x: 275 1000 -1000
 x: 285 1000 -1000
 x: 295 1000 -1000
 x: 305 1000 -1000
 x: 315 1000 -1000
 x: 325 1000 -1000
 x: 335 1000 -1000
 x: 345 1000 -1000
 x: 355 1000 -1000
 x: 365 1000 -1000
 x: 375 1000 -1000
 x: 385 1000 -1000
 x: 395 1000 -1000
 x: 405 1000 -1000
 x: 415 1000 -1000
 x: 425 1000 -1000
 x: 435 1000 -1000
 x: 445 1000 -1000
 x: 455 1000 -1000
 x: 465 1000 -1000
 x: 475 1000 -1000
 x: 485 1000 -1000
 x: 495 1000 -1000
 x: 505 1000 -1000
 x: 515 1000 -1000
 x: 525 1000 -1000
 x: 535 1000 -1000
 x: 545 1000 -1000
 x: 555 1000 -1000
 x: 565 1000 -1000
 x: 575 1000 -1000
 x: 585 1000 -1000
 x: 595 1000 -1000
 x: 605 1000 -1000
 x: 615 1000 -1000
 x: 625 1000 -1000
 x: 635 1000 -1000
 x: 645 1000 -1000
 x: 655 1000 -1000
 x: 665 1000 -1000
 x: 675 1000 -1000
 x: 685 1000 -1000
 x: 695 1000 -1000
 y: -695 1000 -1000
 y: -685 1000 -1000
 y: -675 1000 -1000
 y: -665 1000 -1000
 y: -655 1000 -1000
 y: -645 1000 -1000
 y: -635 1000 -1000
 y: -625 1000 -1000
 y: -615 1000 -1000
 y: -605 1000 -1000
 y: -595 1000 -1000
 y: -585 1000 -1000
 y: -575 1000 -1000
 y: -565 1000 -1000
 y: -555 1000 -1000
 y: -545 1000 -1000
 y: -535 1000 -1000
 y: -525 1000 -1000
 y: -515 1000 -1000
 y: -505 1000 -1000
 y: -495 1000 -1000
 y: -485 1000 -1000
 y: -475 1000 -1000
 y: -465 1000 -1000
 y: -455 1000 -1000
 y: -445 1000 -1000
 y: -435 1000 -1000
 y: -425 1000 -1000
 y: -415 1000 -1000
 y: -405 1000 -1000
 y: -395 1000 -1000
 y: -385 1000 -1000
 y: -375 1000 -1000
 y: -365 1000 -1000
 y: -355 1000 -1000
 y: -345 1000 -1000
 y: -335 1000 -1000
 y: -325 1000 -1000
 y: -315 1000 -1000
 y: -305 1000 -1000
 y: -295 1000 -1000
 y: -285 1000 -1000
 y: -275 1000 -1000
 y: -265 1000 -1000
 y: -255 1000 -1000
 y: -245 1000 -1000
 y: -235 1000 -1000
 y: -225 1000 -1000
 y: -215 1000 -1000
 y: -205 1000 -1000
 y: -195 1000 -1000
 y: -185 1000 -1000
 y: -175 1000 -1000
 y: -165 1000 -1000
 y: -155 1000 -1000
 y: -145 -618 -618
 y: -135 -618 -618
 y: -125 -618 -569
 y: -115 -603 -107
 y: -105 -603 -107
 y: -95 -603 -107
 y: -85 -619 -116
 y: -75 -619 -116
 y: -65 -631 -116
 y: -55 -631 -130
 y: -45 -631 -138
 y: -35 -618 -138
 y: -25 -618 -138
 y: -15 -618 -144
 y: -5 -633 -152
 y: 5 -633 -155
 y: 15 -633 -168
 y: 25 -618 -168
 y: 35 -618 -171
 y: 45 -632 -183
 y: 55 -632 -183
 y: 65 -632 -198
 y: 75 -618 -160
 y: 85 -618 -160
 y: 95 -603 -139
 y: 105 -603 -128
 y: 115 -618 -109
 y: 125 -618 -85
 y: 135 -618 -85
 y: 145 -603 -85
 y: 155 -603 -58
 y: 165 -603 -33
 y: 175 -587 -33
 y: 185 -587 -24
 y: 195 -598 -24
 y: 205 -598 -24
 y: 215 -598 -47
 y: 225 -587 -58
 y: 235 -587 -63
 y: 245 -587 -63
 y: 255 -572 -70
 y: 265 -572 -82
 y: 275 -556 -89
 y: 285 -556 -89
 y: 295 -556 -89
 y: 305 -542 -144
 y: 315 -542 -149
 y: 325 -542 -149
 y: 335 -527 -153
 y: 345 -527 -153
 y: 355 -512 -153
 y: 365 -512 -153
 y: 375 -512 -153
 y: 385 -497 -153
 y: 395 -497 -153
 y: 405 -479 -153
 y: 415 -479 -153
 y: 425 -479 -153
 y: 435 -437 -160
 y: 445 -437 -160
 y: 455 -437 -160
 y: 465 -422 -160
 y: 475 -422 -160
 y: 485 -377 -160
 y: 495 -377 -168
 y: 505 -377 -168
 y: 515 -333 -174
 y: 525 -333 -183
 y: 535 -317 -188
 y: 545 -317 -188
 y: 555 -317 -227
 y: 565 -242 -242
 y: 575 -242 -242
 y: 585 1000 -1000
 y: 595 1000 -1000
 y: 605 1000 -1000
 y: 615 1000 -1000
 y: 625 1000 -1000
 y: 635 1000 -1000
 y: 645 1000 -1000
 y: 655 1000 -1000
 y: 665 1000 -1000
 y: 675 1000 -1000
 y: 685 1000 -1000
 y: 695 1000 0
